dateofrecord,country_code,country_name,dailydeceased,totaldeceased,dailyconfirmed,dailyrecovered,totalconfirmed,totalrecovered
2020-12-01,IN,India,501,137569,36474,43208,9499652,8931636
2020-12-02,IN,India,526,138095,35506,40908,9535158,8972544
2020-12-03,IN,India,541,138636,36574,42991,9571732,9015535
2020-12-04,IN,India,511,139147,36711,42359,9608443,9057894
2020-12-05,IN,India,482,139629,36010,41885,9644453,9099779
2020-12-06,IN,India,390,140019,33178,39078,9677631,9138857
2020-12-07,IN,India,386,140405,26227,39293,9703858,9178150
2020-12-08,IN,India,402,140807,32083,36583,9735941,9214733
2020-12-09,IN,India,413,141220,31637,37693,9767578,9252426
2020-12-10,IN,India,411,141631,29411,37707,9796989,9290133
2020-12-11,IN,India,442,142073,29961,33492,9826950,9323625
2020-12-12,IN,India,391,142464,30354,33087,9857304,9356712
2020-12-13,IN,India,338,142802,27336,30640,9884640,9387352
2020-12-14,IN,India,354,143156,21941,34421,9906581,9421773
2020-12-15,IN,India,384,143540,26251,33853,9932832,9455626
2020-12-16,IN,India,356,143896,18172,33360,9951004,9488986
2020-12-17,IN,India,342,144238,26754,30891,9977758,9519877
2020-12-18,IN,India,342,144580,26991,29879,10004749,9549756
2020-12-19,IN,India,342,144922,26834,29758,10031583,9579514
2020-12-20,IN,India,332,145254,24622,25734,10056205,9605248
2020-12-21,IN,India,302,145556,19147,30250,10075352,9635498
2020-12-22,IN,India,329,145885,23880,27032,10099232,9662530
2020-12-23,IN,India,315,146200,24716,29946,10123948,9692476
2020-12-24,IN,India,337,146537,23444,24555,10147392,9717031
2020-12-25,IN,India,251,146788,22349,22184,10169741,9739215
2020-12-26,IN,India,280,147068,18575,21466,10188316,9760681
2020-12-27,IN,India,281,147349,20333,21097,10208649,9781778
2020-12-28,IN,India,250,147599,16072,24822,10224721,9806600
2020-12-29,IN,India,285,147884,20542,26589,10245263,9833189
2020-12-30,IN,India,299,148183,21945,26407,10267208,9859596
2020-12-31,IN,India,244,148427,19026,21969,10286234,9881565
2021-01-01,IN,India,237,148664,20159,23838,10306393,9905403
2021-01-02,IN,India,216,148880,18144,20903,10324537,9926306
2021-01-03,IN,India,215,149095,16678,19658,10341215,9945964
2021-01-04,IN,India,200,149295,16278,29209,10357493,9975173
2021-01-05,IN,India,265,149560,17909,21161,10375402,9996334
2021-01-06,IN,India,222,149782,20472,19689,10395874,10016023
2021-01-07,IN,India,233,150015,18123,20503,10413997,10036526
2021-01-08,IN,India,229,150244,18453,19242,10432450,10055768
2021-01-09,IN,India,213,150457,18820,19460,10451270,10075228
2021-01-10,IN,India,150,150607,16086,16737,10467356,10091965
2021-01-11,IN,India,166,150773,12481,18578,10479837,10110543
2021-01-12,IN,India,200,150973,15903,17762,10495740,10128305
2021-01-13,IN,India,201,151174,17015,17797,10512755,10146102
2021-01-14,IN,India,189,151363,15677,15943,10528432,10162045
2021-01-15,IN,India,176,151539,15155,16809,10543587,10178854
2021-01-16,IN,India,181,151720,15050,17202,10558637,10196056
2021-01-17,IN,India,145,151865,13962,14513,10572599,10210569
2021-01-18,IN,India,137,152002,9987,17127,10582586,10227696
2021-01-19,IN,India,162,152164,13787,17229,10596373,10244925
2021-01-20,IN,India,152,152316,15279,20071,10611652,10264996
2021-01-21,IN,India,161,152477,14495,17734,10626147,10282730
2021-01-22,IN,India,153,152630,14323,17166,10640470,10299896
2021-01-23,IN,India,156,152786,14896,16033,10655366,10315929
2021-01-24,IN,India,131,152917,13232,13148,10668598,10329077
2021-01-25,IN,India,116,153033,9098,16092,10677696,10345169
2021-01-26,IN,India,138,153171,12733,13250,10690429,10358419
2021-01-27,IN,India,123,153294,11556,14261,10701985,10372680
2021-01-28,IN,India,162,153456,18912,20315,10720897,10392995
2021-01-29,IN,India,137,153593,13054,14886,10733951,10407881
2021-01-30,IN,India,128,153721,13073,14077,10747024,10421958
2021-01-31,IN,India,116,153837,11527,11882,10758551,10433840
2021-02-01,IN,India,94,153931,8579,13443,10767130,10447283
2021-02-02,IN,India,113,154044,11001,14250,10778131,10461533
2021-02-03,IN,India,107,154151,12925,17813,10791056,10479346
2021-02-04,IN,India,120,154271,12401,15788,10803457,10495134
2021-02-05,IN,India,95,154366,11711,14512,10815168,10509646
2021-02-06,IN,India,75,154441,12069,11761,10827237,10521407
2021-02-07,IN,India,86,154527,11786,11756,10839023,10533163
2021-02-08,IN,India,78,154605,8715,13600,10847738,10546763
2021-02-09,IN,India,94,154699,10731,12928,10858469,10559691
2021-02-10,IN,India,110,154809,12539,11796,10871008,10571487
2021-02-11,IN,India,85,154894,9353,15722,10880361,10587209
2021-02-12,IN,India,104,154998,12137,11358,10892498,10598567
2021-02-13,IN,India,89,155087,12198,11107,10904696,10609674
2021-02-14,IN,India,91,155178,11706,9500,10916402,10619174
2021-02-15,IN,India,82,155260,9086,11793,10925488,10630967
2021-02-16,IN,India,99,155359,11592,11836,10937080,10642803
2021-02-17,IN,India,100,155459,12862,12028,10949942,10654831
2021-02-18,IN,India,100,155559,13237,10914,10963179,10665745
2021-02-19,IN,India,100,155659,13916,10214,10977095,10675959
2021-02-20,IN,India,89,155748,13919,11413,10991014,10687372
2021-02-21,IN,India,83,155831,14278,9715,11005292,10697087
2021-02-22,IN,India,76,155907,10494,13233,11015786,10710320
2021-02-23,IN,India,103,156010,13682,13969,11029468,10724289
2021-02-24,IN,India,141,156151,16930,12100,11046398,10736389
2021-02-25,IN,India,119,156270,16599,12222,11062997,10748611
2021-02-26,IN,India,114,156384,16562,12790,11079559,10761401
2021-02-27,IN,India,111,156495,16805,11709,11096364,10773110
2021-02-28,IN,India,108,156603,15614,11291,11111978,10784401
2021-03-01,IN,India,92,156695,12270,12472,11124248,10796873
2021-03-02,IN,India,98,156793,14998,13113,11139246,10809986
2021-03-03,IN,India,87,156880,17425,14071,11156671,10824057
2021-03-04,IN,India,113,156993,16824,13788,11173495,10837845
2021-03-05,IN,India,109,157102,18324,14186,11191819,10852031
2021-03-06,IN,India,100,157202,18724,14379,11210543,10866410
2021-03-07,IN,India,97,157299,18650,14303,11229193,10880713
2021-03-08,IN,India,76,157375,15353,16606,11244546,10897319
2021-03-09,IN,India,133,157508,17873,20643,11262419,10917962
2021-03-10,IN,India,125,157633,22851,18154,11285270,10936116
2021-03-11,IN,India,119,157752,23298,15092,11308568,10951208
2021-03-12,IN,India,140,157892,24845,19972,11333413,10971180
2021-03-13,IN,India,159,158051,25154,16508,11358567,10987688
2021-03-14,IN,India,120,158171,26513,17590,11385080,11005278
2021-03-15,IN,India,130,158301,24437,20186,11409517,11025464
2021-03-16,IN,India,187,158488,28869,17746,11438386,11043210
2021-03-17,IN,India,171,158659,35838,17793,11474224,11061003
2021-03-18,IN,India,156,158815,39687,20356,11513911,11081359
2021-03-19,IN,India,188,159003,40906,23623,11554817,11104982
2021-03-20,IN,India,196,159199,43815,22971,11598632,11127953
2021-03-21,IN,India,213,159412,47009,21205,11645641,11149158
2021-03-22,IN,India,197,159609,40636,29779,11686277,11178937
2021-03-23,IN,India,277,159886,47239,23913,11733516,11202850
2021-03-24,IN,India,249,160135,53419,26575,11786935,11229425
2021-03-25,IN,India,257,160392,59083,32917,11846018,11262342
2021-03-26,IN,India,292,160684,62276,30341,11908294,11292683
2021-03-27,IN,India,311,160995,62632,28728,11970926,11321411
2021-03-28,IN,India,295,161290,68206,32269,12039132,11353680
2021-03-29,IN,India,266,161556,56152,36989,12095284,11390669
2021-03-30,IN,India,355,161911,53237,41242,12148521,11431911
2021-03-31,IN,India,458,162369,72113,40423,12220634,11472334
2021-04-01,IN,India,468,162837,81398,50381,12302032,11522715
2021-04-02,IN,India,713,163550,89023,44179,12391055,11566894
2021-04-03,IN,India,514,164064,92994,60059,12484049,11626953
2020-12-01,CN,China,0,4743,91,34,92993,87051
2020-12-02,CN,China,1,4744,120,50,93113,87101
2020-12-03,CN,China,1,4745,108,46,93221,87147
2020-12-04,CN,China,1,4746,127,57,93348,87204
2020-12-05,CN,China,0,4746,119,55,93467,87259
2020-12-06,CN,China,0,4746,110,72,93577,87331
2020-12-07,CN,China,0,4746,93,73,93670,87404
2020-12-08,CN,China,0,4746,112,79,93782,87483
2020-12-09,CN,China,2,4748,116,99,93898,87582
2020-12-10,CN,China,0,4748,127,125,94025,87707
2020-12-11,CN,China,0,4748,99,108,94124,87815
2020-12-12,CN,China,1,4749,93,129,94217,87944
2020-12-13,CN,China,2,4751,111,97,94328,88041
2020-12-14,CN,China,3,4754,99,81,94427,88122
2020-12-15,CN,China,3,4757,110,89,94537,88211
2020-12-16,CN,China,0,4757,89,115,94626,88326
2020-12-17,CN,China,2,4759,108,103,94734,88429
2020-12-18,CN,China,4,4763,87,109,94821,88538
2020-12-19,CN,China,0,4763,132,128,94953,88666
2020-12-20,CN,China,1,4764,97,115,95050,88781
2020-12-21,CN,China,1,4765,100,80,95150,88861
2020-12-22,CN,China,1,4766,78,102,95228,88963
2020-12-23,CN,China,1,4767,70,141,95298,89104
2020-12-24,CN,China,2,4769,85,101,95383,89205
2020-12-25,CN,China,1,4770,77,125,95460,89330
2020-12-26,CN,China,0,4770,81,93,95541,89423
2020-12-27,CN,China,1,4771,91,95,95632,89518
2020-12-28,CN,China,4,4775,88,68,95720,89586
2020-12-29,CN,China,2,4777,77,111,95797,89697
2020-12-30,CN,China,4,4781,79,116,95876,89813
2020-12-31,CN,China,1,4782,87,110,95963,89923
2021-01-01,CN,China,0,4782,60,108,96023,90031
2021-01-02,CN,China,2,4784,63,68,96086,90099
2021-01-03,CN,China,0,4784,74,60,96160,90159
2021-01-04,CN,China,3,4787,86,54,96246,90213
2021-01-05,CN,China,0,4787,64,93,96310,90306
2021-01-06,CN,China,1,4788,88,94,96398,90400
2021-01-07,CN,China,0,4788,86,78,96484,90478
2021-01-08,CN,China,1,4789,78,65,96562,90543
2021-01-09,CN,China,2,4791,128,87,96690,90630
2021-01-10,CN,China,1,4792,134,67,96824,90697
2021-01-11,CN,China,1,4793,96,75,96920,90772
2021-01-12,CN,China,1,4794,175,85,97095,90857
2021-01-13,CN,China,2,4796,180,96,97275,90953
2021-01-14,CN,China,0,4796,173,73,97448,91026
2021-01-15,CN,China,0,4796,168,74,97616,91100
2021-01-16,CN,China,1,4797,159,58,97775,91158
2021-01-17,CN,China,0,4797,164,47,97939,91205
2021-01-18,CN,China,1,4798,225,58,98164,91263
2021-01-19,CN,China,2,4800,159,59,98323,91322
2021-01-20,CN,China,1,4801,221,60,98544,91382
2021-01-21,CN,China,2,4803,242,0,98786,91382
2021-01-22,CN,China,0,4803,100,144,98886,91526
2021-01-23,CN,China,0,4803,161,83,99047,91609
2021-01-24,CN,China,1,4804,200,100,99247,91709
2021-01-25,CN,China,3,4807,155,66,99402,91775
2021-01-26,CN,China,2,4809,139,145,99541,91920
2021-01-27,CN,China,2,4811,114,156,99655,92076
2021-01-28,CN,China,2,4813,91,147,99746,92223
2021-01-29,CN,China,1,4814,102,98,99848,92321
2021-01-30,CN,China,1,4815,120,301,99968,92622
2021-01-31,CN,China,2,4817,95,157,100063,92779
2021-02-01,CN,China,1,4818,64,112,100127,92891
2021-02-02,CN,China,2,4820,50,169,100177,93060
2021-02-03,CN,China,1,4821,49,220,100226,93280
2021-02-04,CN,China,1,4822,42,179,100268,93459
2021-02-05,CN,China,0,4822,50,147,100318,93606
2021-02-06,CN,China,0,4822,30,146,100348,93752
2021-02-07,CN,China,0,4822,41,131,100389,93883
2021-02-08,CN,China,0,4822,46,106,100435,93989
2021-02-09,CN,China,2,4824,40,158,100475,94147
2021-02-10,CN,China,1,4825,19,141,100494,94288
2021-02-11,CN,China,2,4827,33,125,100527,94413
2021-02-12,CN,China,1,4828,32,123,100559,94536
2021-02-13,CN,China,1,4829,19,105,100578,94641
2021-02-14,CN,China,0,4829,21,87,100599,94728
2021-02-15,CN,China,0,4829,25,68,100624,94796
2021-02-16,CN,China,2,4831,15,79,100639,94875
2021-02-17,CN,China,2,4833,27,85,100666,94960
2021-02-18,CN,China,0,4833,18,74,100684,95034
2021-02-19,CN,China,0,4833,21,75,100705,95109
2021-02-20,CN,China,0,4833,22,70,100727,95179
2021-02-21,CN,China,0,4833,31,60,100758,95239
2021-02-22,CN,China,0,4833,26,49,100784,95288
2021-02-23,CN,China,0,4833,23,39,100807,95327
2021-02-24,CN,China,1,4834,25,129,100832,95456
2021-02-25,CN,China,0,4834,19,57,100851,95513
2021-02-26,CN,China,0,4834,34,43,100885,95556
2021-02-27,CN,China,0,4834,39,47,100924,95603
2021-02-28,CN,China,1,4835,41,43,100965,95646
2021-03-01,CN,China,1,4836,25,31,100990,95677
2021-03-02,CN,China,0,4836,23,41,101013,95718
2021-03-03,CN,China,0,4836,24,34,101037,95752
2021-03-04,CN,China,1,4837,18,23,101055,95775
2021-03-05,CN,China,0,4837,19,26,101074,95801
2021-03-06,CN,China,1,4838,23,29,101097,95830
2021-03-07,CN,China,0,4838,35,18,101132,95848
2021-03-08,CN,China,0,4838,17,17,101149,95865
2021-03-09,CN,China,0,4838,26,35,101175,95900
2021-03-10,CN,China,1,4839,19,18,101194,95918
2021-03-11,CN,China,0,4839,31,27,101225,95945
2021-03-12,CN,China,0,4839,67,20,101292,95965
2021-03-13,CN,China,0,4839,57,40,101349,96005
2021-03-14,CN,China,0,4839,29,29,101378,96034
2021-03-15,CN,China,0,4839,43,25,101421,96059
2021-03-16,CN,China,0,4839,22,27,101443,96086
2021-03-17,CN,China,0,4839,17,36,101460,96122
2021-03-18,CN,China,0,4839,21,30,101481,96152
2021-03-19,CN,China,0,4839,17,20,101498,96172
2021-03-20,CN,China,0,4839,20,34,101518,96206
2021-03-21,CN,China,0,4839,15,22,101533,96228
2021-03-22,CN,China,0,4839,27,37,101560,96265
2021-03-23,CN,China,1,4840,22,48,101582,96313
2021-03-24,CN,China,0,4840,21,32,101603,96345
2021-03-25,CN,China,0,4840,20,44,101623,96389
2021-03-26,CN,China,1,4841,23,41,101646,96430
2021-03-27,CN,China,0,4841,17,20,101663,96450
2021-03-28,CN,China,0,4841,12,10,101675,96460
2021-03-29,CN,China,0,4841,17,43,101692,96503
2021-03-30,CN,China,0,4841,18,14,101710,96517
2021-03-31,CN,China,0,4841,22,19,101732,96536
2021-04-01,CN,China,0,4841,21,20,101753,96556
2021-04-02,CN,China,0,4841,46,24,101799,96580
2021-04-03,CN,China,0,4841,22,25,101821,96605
2020-12-01,GB,United Kingdom,603,59051,13429,0,1643086,0
2020-12-02,GB,United Kingdom,648,59699,16170,0,1659256,0
2020-12-03,GB,United Kingdom,414,60113,14878,0,1674134,0
2020-12-04,GB,United Kingdom,504,60617,16298,0,1690432,0
2020-12-05,GB,United Kingdom,397,61014,15539,0,1705971,0
2020-12-06,GB,United Kingdom,231,61245,17271,0,1723242,0
2020-12-07,GB,United Kingdom,189,61434,14718,0,1737960,0
2020-12-08,GB,United Kingdom,599,62033,12281,0,1750241,0
2020-12-09,GB,United Kingdom,533,62566,16578,0,1766819,0
2020-12-10,GB,United Kingdom,516,63082,20964,0,1787783,0
2020-12-11,GB,United Kingdom,424,63506,21672,0,1809455,0
2020-12-12,GB,United Kingdom,520,64026,21501,0,1830956,0
2020-12-13,GB,United Kingdom,144,64170,18447,0,1849403,0
2020-12-14,GB,United Kingdom,232,64402,20263,0,1869666,0
2020-12-15,GB,United Kingdom,506,64908,18450,0,1888116,0
2020-12-16,GB,United Kingdom,612,65520,25161,0,1913277,0
2020-12-17,GB,United Kingdom,532,66052,35383,0,1948660,0
2020-12-18,GB,United Kingdom,489,66541,28507,0,1977167,0
2020-12-19,GB,United Kingdom,534,67075,27052,0,2004219,0
2020-12-20,GB,United Kingdom,326,67401,35928,0,2040147,0
2020-12-21,GB,United Kingdom,215,67616,33364,0,2073511,0
2020-12-22,GB,United Kingdom,691,68307,36803,0,2110314,0
2020-12-23,GB,United Kingdom,744,69051,39237,0,2149551,0
2020-12-24,GB,United Kingdom,574,69625,39036,0,2188587,0
2020-12-25,GB,United Kingdom,570,70195,32725,0,2221312,0
2020-12-26,GB,United Kingdom,210,70405,34693,0,2256005,0
2020-12-27,GB,United Kingdom,347,70752,32340,0,2288345,0
2020-12-28,GB,United Kingdom,357,71109,41385,0,2329730,0
2020-12-29,GB,United Kingdom,458,71567,53135,0,2382865,0
2020-12-30,GB,United Kingdom,981,72548,50023,0,2432888,0
2020-12-31,GB,United Kingdom,964,73512,55892,0,2488780,0
2021-01-01,GB,United Kingdom,613,74125,53285,0,2542065,0
2021-01-02,GB,United Kingdom,445,74570,57724,0,2599789,0
2021-01-03,GB,United Kingdom,454,75024,54990,0,2654779,0
2021-01-04,GB,United Kingdom,407,75431,58784,0,2713563,0
2021-01-05,GB,United Kingdom,874,76305,60916,0,2774479,0
2021-01-06,GB,United Kingdom,1041,77346,62322,0,2836801,0
2021-01-07,GB,United Kingdom,1162,78508,52618,0,2889419,0
2021-01-08,GB,United Kingdom,1325,79833,68053,0,2957472,0
2021-01-09,GB,United Kingdom,1035,80868,59937,0,3017409,0
2021-01-10,GB,United Kingdom,563,81431,54940,0,3072349,0
2021-01-11,GB,United Kingdom,529,81960,46169,0,3118518,0
2021-01-12,GB,United Kingdom,1243,83203,45533,0,3164051,0
2021-01-13,GB,United Kingdom,1564,84767,47525,0,3211576,0
2021-01-14,GB,United Kingdom,1248,86015,48682,0,3260258,0
2021-01-15,GB,United Kingdom,1280,87295,55761,0,3316019,0
2021-01-16,GB,United Kingdom,1295,88590,41342,0,3357361,0
2021-01-17,GB,United Kingdom,671,89261,38598,0,3395959,0
2021-01-18,GB,United Kingdom,599,89860,37535,0,3433494,0
2021-01-19,GB,United Kingdom,1610,91470,33355,0,3466849,0
2021-01-20,GB,United Kingdom,1820,93290,38905,0,3505754,0
2021-01-21,GB,United Kingdom,1290,94580,37892,0,3543646,0
2021-01-22,GB,United Kingdom,1401,95981,40261,0,3583907,0
2021-01-23,GB,United Kingdom,1348,97329,33552,0,3617459,0
2021-01-24,GB,United Kingdom,610,97939,30004,0,3647463,0
2021-01-25,GB,United Kingdom,592,98531,22195,0,3669658,0
2021-01-26,GB,United Kingdom,1631,100162,20088,0,3689746,0
2021-01-27,GB,United Kingdom,1725,101887,25308,0,3715054,0
2021-01-28,GB,United Kingdom,1239,103126,28680,0,3743734,0
2021-01-29,GB,United Kingdom,1245,104371,29079,0,3772813,0
2021-01-30,GB,United Kingdom,1200,105571,23275,0,3796088,0
2021-01-31,GB,United Kingdom,587,106158,21088,0,3817176,0
2021-02-01,GB,United Kingdom,406,106564,18607,0,3835783,0
2021-02-02,GB,United Kingdom,1449,108013,16840,0,3852623,0
2021-02-03,GB,United Kingdom,1322,109335,19202,0,3871825,0
2021-02-04,GB,United Kingdom,915,110250,20634,0,3892459,0
2021-02-05,GB,United Kingdom,1014,111264,19114,0,3911573,0
2021-02-06,GB,United Kingdom,828,112092,18262,0,3929835,0
2021-02-07,GB,United Kingdom,373,112465,15845,0,3945680,0
2021-02-08,GB,United Kingdom,333,112798,14104,0,3959784,0
2021-02-09,GB,United Kingdom,1052,113850,12364,0,3972148,0
2021-02-10,GB,United Kingdom,1001,114851,13013,0,3985161,0
2021-02-11,GB,United Kingdom,678,115529,13494,0,3998655,0
2021-02-12,GB,United Kingdom,758,116287,15144,0,4013799,0
2021-02-13,GB,United Kingdom,621,116908,13307,0,4027106,0
2021-02-14,GB,United Kingdom,258,117166,10972,0,4038078,0
2021-02-15,GB,United Kingdom,230,117396,9765,0,4047843,0
2021-02-16,GB,United Kingdom,799,118195,10625,0,4058468,0
2021-02-17,GB,United Kingdom,738,118933,12717,0,4071185,0
2021-02-18,GB,United Kingdom,454,119387,12057,0,4083242,0
2021-02-19,GB,United Kingdom,533,119920,12027,0,4095269,0
2021-02-20,GB,United Kingdom,445,120365,10406,0,4105675,0
2021-02-21,GB,United Kingdom,215,120580,9834,0,4115509,0
2021-02-22,GB,United Kingdom,177,120757,10641,0,4126150,0
2021-02-23,GB,United Kingdom,548,121305,8489,0,4134639,0
2021-02-24,GB,United Kingdom,442,121747,9938,0,4144577,0
2021-02-25,GB,United Kingdom,323,122070,9985,0,4154562,0
2021-02-26,GB,United Kingdom,345,122415,8523,0,4163085,0
2021-02-27,GB,United Kingdom,290,122705,7434,0,4170519,0
2021-02-28,GB,United Kingdom,144,122849,6035,0,4176554,0
2021-03-01,GB,United Kingdom,104,122953,5455,0,4182009,0
2021-03-02,GB,United Kingdom,343,123296,6391,0,4188400,0
2021-03-03,GB,United Kingdom,487,123783,6385,0,4194785,0
2021-03-04,GB,United Kingdom,242,124025,6573,0,4201358,0
2021-03-05,GB,United Kingdom,236,124261,5946,0,4207304,0
2021-03-06,GB,United Kingdom,158,124419,6039,0,4213343,0
2021-03-07,GB,United Kingdom,82,124501,5177,0,4218520,0
2021-03-08,GB,United Kingdom,65,124566,4712,0,4223232,0
2021-03-09,GB,United Kingdom,231,124797,5766,0,4228998,0
2021-03-10,GB,United Kingdom,190,124987,5926,0,4234924,0
2021-03-11,GB,United Kingdom,181,125168,6753,0,4241677,0
2021-03-12,GB,United Kingdom,175,125343,6609,0,4248286,0
2021-03-13,GB,United Kingdom,121,125464,5534,0,4253820,0
2021-03-14,GB,United Kingdom,52,125516,4618,0,4258438,0
2021-03-15,GB,United Kingdom,64,125580,5089,0,4263527,0
2021-03-16,GB,United Kingdom,110,125690,5294,0,4268821,0
2021-03-17,GB,United Kingdom,141,125831,5758,0,4274579,0
2021-03-18,GB,United Kingdom,95,125926,6303,0,4280882,0
2021-03-19,GB,United Kingdom,100,126026,4802,0,4285684,0
2021-03-20,GB,United Kingdom,96,126122,5587,0,4291271,0
2021-03-21,GB,United Kingdom,33,126155,5312,0,4296583,0
2021-03-22,GB,United Kingdom,17,126172,5342,0,4301925,0
2021-03-23,GB,United Kingdom,112,126284,5379,0,4307304,0
2021-03-24,GB,United Kingdom,98,126382,5604,0,4312908,0
2021-03-25,GB,United Kingdom,63,126445,6220,0,4319128,0
2021-03-26,GB,United Kingdom,70,126515,6187,0,4325315,0
2021-03-27,GB,United Kingdom,58,126573,3865,0,4329180,0
2021-03-28,GB,United Kingdom,19,126592,3862,0,4333042,0
2021-03-29,GB,United Kingdom,23,126615,4654,0,4337696,0
2021-03-30,GB,United Kingdom,55,126670,4040,0,4341736,0
2021-03-31,GB,United Kingdom,43,126713,4052,0,4345788,0
2021-04-01,GB,United Kingdom,51,126764,4478,0,4350266,0
2021-04-02,GB,United Kingdom,52,126816,3402,0,4353668,0
2021-04-03,GB,United Kingdom,10,126826,3423,0,4357091,0
2020-12-01,AE,United Arab Emirates,4,576,1289,768,170149,155667
2020-12-02,AE,United Arab Emirates,4,580,1285,713,171434,156380
2020-12-03,AE,United Arab Emirates,5,585,1317,655,172751,157035
2020-12-04,AE,United Arab Emirates,1,586,1311,793,174062,157828
2020-12-05,AE,United Arab Emirates,3,589,1214,670,175276,158498
2020-12-06,AE,United Arab Emirates,3,592,1153,634,176429,159132
2020-12-07,AE,United Arab Emirates,2,594,1148,579,177577,159711
2020-12-08,AE,United Arab Emirates,2,596,1260,584,178837,160295
2020-12-09,AE,United Arab Emirates,2,598,1313,789,180150,161084
2020-12-10,AE,United Arab Emirates,4,602,1255,657,181405,161741
2020-12-11,AE,United Arab Emirates,5,607,1196,694,182601,162435
2020-12-12,AE,United Arab Emirates,2,609,1154,613,183755,163048
2020-12-13,AE,United Arab Emirates,8,617,1194,631,184949,163679
2020-12-14,AE,United Arab Emirates,1,618,1092,670,186041,164349
2020-12-15,AE,United Arab Emirates,4,622,1226,674,187267,165023
2020-12-16,AE,United Arab Emirates,4,626,1278,726,188545,165749
2020-12-17,AE,United Arab Emirates,3,629,1321,792,189866,166541
2020-12-18,AE,United Arab Emirates,1,630,1284,765,191150,167306
2020-12-19,AE,United Arab Emirates,4,634,1254,823,192404,168129
2020-12-20,AE,United Arab Emirates,3,637,1171,866,193575,168995
2020-12-21,AE,United Arab Emirates,2,639,1077,845,194652,169840
2020-12-22,AE,United Arab Emirates,3,642,1226,1611,195878,171451
2020-12-23,AE,United Arab Emirates,3,645,1246,1533,197124,172984
2020-12-24,AE,United Arab Emirates,2,647,1311,1495,198435,174479
2020-12-25,AE,United Arab Emirates,6,653,1230,1386,199665,175865
2020-12-26,AE,United Arab Emirates,2,655,1227,1542,200892,177407
2020-12-27,AE,United Arab Emirates,2,657,944,1265,201836,178672
2020-12-28,AE,United Arab Emirates,3,660,1027,1253,202863,179925
2020-12-29,AE,United Arab Emirates,2,662,1506,1475,204369,181400
2020-12-30,AE,United Arab Emirates,3,665,1723,1607,206092,183007
2020-12-31,AE,United Arab Emirates,4,669,1730,1435,207822,184442
2021-01-01,AE,United Arab Emirates,2,671,1856,1577,209678,186019
2021-01-02,AE,United Arab Emirates,3,674,1963,2081,211641,188100
2021-01-03,AE,United Arab Emirates,5,679,1590,1609,213231,189709
2021-01-04,AE,United Arab Emirates,3,682,1501,1746,214732,191455
2021-01-05,AE,United Arab Emirates,3,685,1967,1866,216699,193321
2021-01-06,AE,United Arab Emirates,4,689,2067,2199,218766,195520
2021-01-07,AE,United Arab Emirates,5,694,2988,3658,221754,199178
2021-01-08,AE,United Arab Emirates,3,697,2950,2218,224704,201396
2021-01-09,AE,United Arab Emirates,5,702,2998,2264,227702,203660
2021-01-10,AE,United Arab Emirates,6,708,2876,2454,230578,206114
2021-01-11,AE,United Arab Emirates,3,711,2404,2252,232982,208366
2021-01-12,AE,United Arab Emirates,6,717,3243,2195,236225,210561
2021-01-13,AE,United Arab Emirates,6,723,3362,2588,239587,213149
2021-01-14,AE,United Arab Emirates,3,726,3382,2671,242969,215820
2021-01-15,AE,United Arab Emirates,7,733,3407,3168,246376,218988
2021-01-16,AE,United Arab Emirates,7,740,3432,3118,249808,222106
2021-01-17,AE,United Arab Emirates,5,745,3453,3268,253261,225374
2021-01-18,AE,United Arab Emirates,6,751,3471,2990,256732,228364
2021-01-19,AE,United Arab Emirates,5,756,3491,3311,260223,231675
2021-01-20,AE,United Arab Emirates,6,762,3506,3746,263729,235421
2021-01-21,AE,United Arab Emirates,4,766,3529,3901,267258,239322
2021-01-22,AE,United Arab Emirates,10,776,3552,3945,270810,243267
2021-01-23,AE,United Arab Emirates,7,783,3566,4051,274376,247318
2021-01-24,AE,United Arab Emirates,9,792,3579,4166,277955,251484
2021-01-25,AE,United Arab Emirates,6,798,3591,3820,281546,255304
2021-01-26,AE,United Arab Emirates,7,805,3601,3890,285147,259194
2021-01-27,AE,United Arab Emirates,6,811,3939,4536,289086,263730
2021-01-28,AE,United Arab Emirates,8,819,3966,3294,293052,267024
2021-01-29,AE,United Arab Emirates,7,826,3962,2975,297014,269999
2021-01-30,AE,United Arab Emirates,12,838,3647,2770,300661,272769
2021-01-31,AE,United Arab Emirates,12,850,2948,4189,303609,276958
2021-02-01,AE,United Arab Emirates,9,859,2730,4452,306339,281410
2021-02-02,AE,United Arab Emirates,7,866,3310,3791,309649,285201
2021-02-03,AE,United Arab Emirates,12,878,3977,4075,313626,289276
2021-02-04,AE,United Arab Emirates,10,888,3249,3904,316875,293180
2021-02-05,AE,United Arab Emirates,14,902,3251,3860,320126,297040
2021-02-06,AE,United Arab Emirates,12,914,3276,4041,323402,301081
2021-02-07,AE,United Arab Emirates,7,921,3093,4678,326495,305759
2021-02-08,AE,United Arab Emirates,9,930,2798,3933,329293,309692
2021-02-09,AE,United Arab Emirates,17,947,3310,3368,332603,313060
2021-02-10,AE,United Arab Emirates,9,956,3539,2993,336142,316053
2021-02-11,AE,United Arab Emirates,18,974,3525,3734,339667,319787
2021-02-12,AE,United Arab Emirates,12,986,3307,3404,342974,323191
2021-02-13,AE,United Arab Emirates,15,1001,2631,3589,345605,326780
2021-02-14,AE,United Arab Emirates,13,1014,3167,5059,348772,331839
2021-02-15,AE,United Arab Emirates,13,1027,3123,4892,351895,336731
2021-02-16,AE,United Arab Emirates,14,1041,3236,3634,355131,340365
2021-02-17,AE,United Arab Emirates,14,1055,3452,3570,358583,343935
2021-02-18,AE,United Arab Emirates,18,1073,3294,3431,361877,347366
2021-02-19,AE,United Arab Emirates,20,1093,3140,4349,365017,351715
2021-02-20,AE,United Arab Emirates,15,1108,3158,4298,368175,356013
2021-02-21,AE,United Arab Emirates,17,1125,2250,3684,370425,359697
2021-02-22,AE,United Arab Emirates,15,1140,2105,3355,372530,363052
2021-02-23,AE,United Arab Emirates,5,1145,3005,3515,375535,366567
2021-02-24,AE,United Arab Emirates,19,1164,3102,3814,378637,370381
2021-02-25,AE,United Arab Emirates,18,1182,3025,4678,381662,375059
2021-02-26,AE,United Arab Emirates,16,1198,3498,2478,385160,377537
2021-02-27,AE,United Arab Emirates,15,1213,3434,2171,388594,379708
2021-02-28,AE,United Arab Emirates,8,1221,2930,1517,391524,381225
2021-03-01,AE,United Arab Emirates,17,1238,2526,1107,394050,382332
2021-03-02,AE,United Arab Emirates,15,1253,2721,1666,396771,383998
2021-03-03,AE,United Arab Emirates,16,1269,2692,1589,399463,385587
2021-03-04,AE,United Arab Emirates,17,1286,2742,1691,402205,387278
2021-03-05,AE,United Arab Emirates,10,1296,3072,2026,405277,389304
2021-03-06,AE,United Arab Emirates,14,1310,2959,1901,408236,391205
2021-03-07,AE,United Arab Emirates,12,1322,2613,1587,410849,392792
2021-03-08,AE,United Arab Emirates,13,1335,2483,1857,413332,394649
2021-03-09,AE,United Arab Emirates,10,1345,2373,1784,415705,396433
2021-03-10,AE,United Arab Emirates,8,1353,2204,1693,417909,398126
2021-03-11,AE,United Arab Emirates,16,1369,2087,1677,419996,399803
2021-03-12,AE,United Arab Emirates,9,1378,2250,1736,422246,401539
2021-03-13,AE,United Arab Emirates,10,1388,2159,1939,424405,403478
2021-03-14,AE,United Arab Emirates,7,1395,1992,2169,426397,405647
2021-03-15,AE,United Arab Emirates,7,1402,1898,2438,428295,408085
2021-03-16,AE,United Arab Emirates,4,1406,2018,2651,430313,410736
2021-03-17,AE,United Arab Emirates,8,1414,2051,2741,432364,413477
2021-03-18,AE,United Arab Emirates,10,1424,2101,2628,434465,416105
2021-03-19,AE,United Arab Emirates,4,1428,2160,2391,436625,418496
2021-03-20,AE,United Arab Emirates,5,1433,2013,2240,438638,420736
2021-03-21,AE,United Arab Emirates,5,1438,1717,1960,440355,422696
2021-03-22,AE,United Arab Emirates,7,1445,1871,2144,442226,424840
2021-03-23,AE,United Arab Emirates,6,1451,2172,2348,444398,427188
2021-03-24,AE,United Arab Emirates,5,1456,2196,2385,446594,429573
2021-03-25,AE,United Arab Emirates,10,1466,2043,2200,448637,431773
2021-03-26,AE,United Arab Emirates,6,1472,2128,2262,450765,434035
2021-03-27,AE,United Arab Emirates,5,1477,2304,2428,453069,436463
2021-03-28,AE,United Arab Emirates,4,1481,2128,2243,455197,438706
2021-03-29,AE,United Arab Emirates,5,1486,1874,2025,457071,440731
2021-03-30,AE,United Arab Emirates,6,1492,2289,2422,459360,443153
2021-03-31,AE,United Arab Emirates,5,1497,2084,2202,461444,445355
2021-04-01,AE,United Arab Emirates,2,1499,2315,2435,463759,447790
2021-04-02,AE,United Arab Emirates,3,1502,2180,2321,465939,450111
2021-04-03,AE,United Arab Emirates,2,1504,2084,2210,468023,452321
2020-12-01,AU,Australia,0,908,11,3,27923,22423
2020-12-02,AU,Australia,0,908,16,8,27939,22431
2020-12-03,AU,Australia,0,908,10,12,27949,22443
2020-12-04,AU,Australia,0,908,7,5,27956,22448
2020-12-05,AU,Australia,0,908,9,5,27965,22453
2020-12-06,AU,Australia,0,908,7,3,27972,22456
2020-12-07,AU,Australia,0,908,15,4,27987,22460
2020-12-08,AU,Australia,0,908,6,1,27993,22461
2020-12-09,AU,Australia,0,908,7,12,28000,22473
2020-12-10,AU,Australia,0,908,11,1,28011,22474
2020-12-11,AU,Australia,0,908,14,6,28025,22480
2020-12-12,AU,Australia,0,908,5,4,28030,22484
2020-12-13,AU,Australia,0,908,7,1,28037,22485
2020-12-14,AU,Australia,0,908,11,13,28048,22498
2020-12-15,AU,Australia,0,908,12,0,28060,22498
2020-12-16,AU,Australia,0,908,12,6,28072,22504
2020-12-17,AU,Australia,0,908,21,3,28093,22507
2020-12-18,AU,Australia,0,908,33,1,28126,22508
2020-12-19,AU,Australia,0,908,42,4,28168,22512
2020-12-20,AU,Australia,0,908,30,5,28198,22517
2020-12-21,AU,Australia,0,908,21,7,28219,22524
2020-12-22,AU,Australia,0,908,18,2,28237,22526
2020-12-23,AU,Australia,0,908,25,4,28262,22530
2020-12-24,AU,Australia,0,908,12,2,28274,22532
2020-12-25,AU,Australia,0,908,23,3,28297,22535
2020-12-26,AU,Australia,0,908,11,1,28308,22536
2020-12-27,AU,Australia,1,909,29,3,28337,22539
2020-12-28,AU,Australia,0,909,12,15,28349,22554
2020-12-29,AU,Australia,0,909,32,4,28381,22558
2020-12-30,AU,Australia,0,909,24,6,28405,22564
2020-12-31,AU,Australia,0,909,20,1,28425,22565
2021-01-01,AU,Australia,0,909,35,8,28460,22573
2021-01-02,AU,Australia,0,909,24,8,28484,22581
2021-01-03,AU,Australia,0,909,20,0,28504,22581
2021-01-04,AU,Australia,0,909,13,7,28517,22588
2021-01-05,AU,Australia,0,909,19,4,28536,22592
2021-01-06,AU,Australia,0,909,10,8,28546,22600
2021-01-07,AU,Australia,0,909,25,6,28571,22606
2021-01-08,AU,Australia,0,909,11,0,28582,22606
2021-01-09,AU,Australia,0,909,13,6,28595,22612
2021-01-10,AU,Australia,0,909,19,9,28614,22621
2021-01-11,AU,Australia,0,909,20,6,28634,22627
2021-01-12,AU,Australia,0,909,16,16,28650,22643
2021-01-13,AU,Australia,0,909,10,7,28660,22650
2021-01-14,AU,Australia,0,909,9,7,28669,22657
2021-01-15,AU,Australia,0,909,20,11,28689,22668
2021-01-16,AU,Australia,0,909,19,16,28708,22684
2021-01-17,AU,Australia,0,909,13,8,28721,22692
2021-01-18,AU,Australia,0,909,10,6,28731,22698
2021-01-19,AU,Australia,0,909,9,11,28740,22709
2021-01-20,AU,Australia,0,909,9,7,28749,22716
2021-01-21,AU,Australia,0,909,6,9,28755,22725
2021-01-22,AU,Australia,0,909,5,10,28760,22735
2021-01-23,AU,Australia,0,909,6,13,28766,22748
2021-01-24,AU,Australia,0,909,11,11,28777,22759
2021-01-25,AU,Australia,0,909,3,2,28780,22761
2021-01-26,AU,Australia,0,909,6,5,28786,22766
2021-01-27,AU,Australia,0,909,8,13,28794,22779
2021-01-28,AU,Australia,0,909,5,2,28799,22781
2021-01-29,AU,Australia,0,909,7,10,28806,22791
2021-01-30,AU,Australia,0,909,5,11,28811,22802
2021-01-31,AU,Australia,0,909,7,3,28818,22805
2021-02-01,AU,Australia,0,909,5,3,28823,22808
2021-02-02,AU,Australia,0,909,6,6,28829,22814
2021-02-03,AU,Australia,0,909,9,8,28838,22822
2021-02-04,AU,Australia,0,909,4,0,28842,22822
2021-02-05,AU,Australia,0,909,6,3,28848,22825
2021-02-06,AU,Australia,0,909,3,2,28851,22827
2021-02-07,AU,Australia,0,909,6,3,28857,22830
2021-02-08,AU,Australia,0,909,3,7,28860,22837
2021-02-09,AU,Australia,0,909,11,7,28871,22844
2021-02-10,AU,Australia,0,909,8,2,28879,22846
2021-02-11,AU,Australia,0,909,8,4,28887,22850
2021-02-12,AU,Australia,0,909,5,4,28892,22854
2021-02-13,AU,Australia,0,909,6,4,28898,22858
2021-02-14,AU,Australia,0,909,2,6,28900,22864
2021-02-15,AU,Australia,0,909,5,2,28905,22866
2021-02-16,AU,Australia,0,909,6,4,28911,22870
2021-02-17,AU,Australia,0,909,1,1,28912,22871
2021-02-18,AU,Australia,0,909,6,3,28918,22874
2021-02-19,AU,Australia,0,909,2,5,28920,22879
2021-02-20,AU,Australia,0,909,6,2,28926,22881
2021-02-21,AU,Australia,0,909,4,1,28930,22882
2021-02-22,AU,Australia,0,909,7,3,28937,22885
2021-02-23,AU,Australia,0,909,2,7,28939,22892
2021-02-24,AU,Australia,0,909,8,5,28947,22897
2021-02-25,AU,Australia,0,909,10,3,28957,22900
2021-02-26,AU,Australia,0,909,8,2,28965,22902
2021-02-27,AU,Australia,0,909,5,1,28970,22903
2021-02-28,AU,Australia,0,909,8,6,28978,22909
2021-03-01,AU,Australia,0,909,8,5,28986,22914
2021-03-02,AU,Australia,0,909,10,3,28996,22917
2021-03-03,AU,Australia,0,909,11,3,29007,22920
2021-03-04,AU,Australia,0,909,14,4,29021,22924
2021-03-05,AU,Australia,0,909,8,2,29029,22926
2021-03-06,AU,Australia,0,909,5,2,29034,22928
2021-03-07,AU,Australia,0,909,12,1,29046,22929
2021-03-08,AU,Australia,0,909,15,2,29061,22931
2021-03-09,AU,Australia,0,909,13,5,29074,22936
2021-03-10,AU,Australia,0,909,16,9,29090,22945
2021-03-11,AU,Australia,0,909,12,4,29102,22949
2021-03-12,AU,Australia,0,909,10,3,29112,22952
2021-03-13,AU,Australia,0,909,5,5,29117,22957
2021-03-14,AU,Australia,0,909,13,0,29130,22957
2021-03-15,AU,Australia,0,909,7,1,29137,22958
2021-03-16,AU,Australia,0,909,17,2,29154,22960
2021-03-17,AU,Australia,0,909,12,2,29166,22962
2021-03-18,AU,Australia,0,909,17,1,29183,22963
2021-03-19,AU,Australia,0,909,9,2,29192,22965
2021-03-20,AU,Australia,0,909,4,1,29196,22966
2021-03-21,AU,Australia,0,909,10,5,29206,22971
2021-03-22,AU,Australia,0,909,5,6,29211,22977
2021-03-23,AU,Australia,0,909,10,5,29221,22982
2021-03-24,AU,Australia,0,909,9,6,29230,22988
2021-03-25,AU,Australia,0,909,9,3,29239,22991
2021-03-26,AU,Australia,0,909,13,3,29252,22994
2021-03-27,AU,Australia,0,909,7,2,29259,22996
2021-03-28,AU,Australia,0,909,17,8,29276,23004
2021-03-29,AU,Australia,0,909,20,1,29296,23005
2021-03-30,AU,Australia,0,909,8,0,29304,23005
2021-03-31,AU,Australia,0,909,18,7,29322,23012
2021-04-01,AU,Australia,0,909,11,2,29333,23014
2021-04-02,AU,Australia,0,909,8,11,29341,23025
2021-04-03,AU,Australia,0,909,7,2,29348,23027
2020-12-01,AT,Austria,141,3325,3033,5805,285489,227497
2020-12-02,AT,Austria,121,3446,3972,6160,289461,233657
2020-12-03,AT,Austria,92,3538,3969,4470,293430,238127
2020-12-04,AT,Austria,113,3651,3815,5648,297245,243775
2020-12-05,AT,Austria,106,3757,3444,5666,300689,249441
2020-12-06,AT,Austria,83,3840,2741,3324,303430,252765
2020-12-07,AT,Austria,57,3897,2263,4046,305693,256811
2020-12-08,AT,Austria,105,4002,2377,5503,308070,262314
2020-12-09,AT,Austria,54,4056,2932,3501,311002,265815
2020-12-10,AT,Austria,107,4163,2686,3850,313688,269665
2020-12-11,AT,Austria,126,4289,2893,3838,316581,273503
2020-12-12,AT,Austria,126,4415,3241,4380,319822,277883
2020-12-13,AT,Austria,58,4473,2641,3223,322463,281106
2020-12-14,AT,Austria,57,4530,2588,3068,325051,284174
2020-12-15,AT,Austria,118,4648,2628,3576,327679,287750
2020-12-16,AT,Austria,116,4764,2664,3292,330343,291042
2020-12-17,AT,Austria,218,4982,2485,3273,332828,294315
2020-12-18,AT,Austria,145,5127,2085,3109,334913,297424
2020-12-19,AT,Austria,82,5209,2296,3187,337209,300611
2020-12-20,AT,Austria,142,5351,1645,2602,338854,303213
2020-12-21,AT,Austria,84,5435,1519,2445,340373,305658
2020-12-22,AT,Austria,105,5540,1853,3937,342226,309595
2020-12-23,AT,Austria,114,5654,2131,3326,344357,312921
2020-12-24,AT,Austria,91,5745,2847,3031,347204,315952
2020-12-25,AT,Austria,38,5783,1851,2202,349055,318154
2020-12-26,AT,Austria,60,5843,1429,2599,350484,320753
2020-12-27,AT,Austria,38,5881,1408,2249,351892,323002
2020-12-28,AT,Austria,50,5931,1592,3766,353484,326768
2020-12-29,AT,Austria,128,6059,1868,2206,355352,328974
2020-12-30,AT,Austria,90,6149,2550,2016,357902,330990
2020-12-31,AT,Austria,73,6222,2913,1962,360815,332952
2021-01-01,AT,Austria,39,6261,2096,1949,362911,334901
2021-01-02,AT,Austria,14,6275,1391,2021,364302,336922
2021-01-03,AT,Austria,49,6324,1466,1909,365768,338831
2021-01-04,AT,Austria,33,6357,1642,1442,367410,340273
2021-01-05,AT,Austria,100,6457,2311,2766,369721,343039
2021-01-06,AT,Austria,68,6525,2469,1935,372190,344974
2021-01-07,AT,Austria,43,6568,2540,1927,374730,346901
2021-01-08,AT,Austria,73,6641,2063,2314,376793,349215
2021-01-09,AT,Austria,46,6687,2278,2167,379071,351382
2021-01-10,AT,Austria,36,6723,1651,2367,380722,353749
2021-01-11,AT,Austria,24,6747,1536,1781,382258,355530
2021-01-12,AT,Austria,72,6819,1575,2032,383833,357562
2021-01-13,AT,Austria,49,6868,1917,2130,385750,359692
2021-01-14,AT,Austria,53,6921,3510,3239,389260,362931
2021-01-15,AT,Austria,66,6987,1528,2283,390788,365214
2021-01-16,AT,Austria,66,7053,1723,2571,392511,367785
2021-01-17,AT,Austria,29,7082,1267,1433,393778,369218
2021-01-18,AT,Austria,40,7122,1161,1647,394939,370865
2021-01-19,AT,Austria,77,7199,1486,2225,396425,373090
2021-01-20,AT,Austria,38,7237,1671,1734,398096,374824
2021-01-21,AT,Austria,51,7288,1702,1536,399798,376360
2021-01-22,AT,Austria,42,7330,2088,2048,401886,378408
2021-01-23,AT,Austria,59,7389,1626,1840,403512,380248
2021-01-24,AT,Austria,29,7418,1202,1406,404714,381654
2021-01-25,AT,Austria,33,7451,1009,1546,405723,383200
2021-01-26,AT,Austria,64,7515,1417,1726,407140,384926
2021-01-27,AT,Austria,49,7564,1641,1425,408781,386351
2021-01-28,AT,Austria,43,7607,1449,1436,410230,387787
2021-01-29,AT,Austria,51,7658,1500,1689,411730,389476
2021-01-30,AT,Austria,45,7703,1478,1600,413208,391076
2021-01-31,AT,Austria,18,7721,1190,1421,414398,392497
2021-02-01,AT,Austria,57,7778,1124,1250,415522,393747
2021-02-02,AT,Austria,69,7847,1241,1569,416763,395316
2021-02-03,AT,Austria,55,7902,1520,1393,418283,396709
2021-02-04,AT,Austria,34,7936,1518,1201,419801,397910
2021-02-05,AT,Austria,37,7973,1388,1419,421189,399329
2021-02-06,AT,Austria,21,7994,1333,1522,422522,400851
2021-02-07,AT,Austria,18,8012,1317,1202,423839,402053
2021-02-08,AT,Austria,20,8032,1057,1249,424896,403302
2021-02-09,AT,Austria,39,8071,1197,1374,426093,404676
2021-02-10,AT,Austria,43,8114,1469,1245,427562,405921
2021-02-11,AT,Austria,24,8138,1577,1234,429139,407155
2021-02-12,AT,Austria,32,8170,1731,1271,430870,408426
2021-02-13,AT,Austria,25,8195,1433,1451,432303,409877
2021-02-14,AT,Austria,16,8211,1184,1322,433487,411199
2021-02-15,AT,Austria,10,8221,1225,1258,434712,412457
2021-02-16,AT,Austria,39,8260,1427,1451,436139,413908
2021-02-17,AT,Austria,30,8290,1735,1313,437874,415221
2021-02-18,AT,Austria,22,8312,1967,1210,439841,416431
2021-02-19,AT,Austria,36,8348,1818,1223,441659,417654
2021-02-20,AT,Austria,20,8368,1877,1629,443536,419283
2021-02-21,AT,Austria,18,8386,1838,1226,445374,420509
2021-02-22,AT,Austria,11,8397,1270,1302,446644,421811
2021-02-23,AT,Austria,37,8434,1727,1203,448371,423014
2021-02-24,AT,Austria,36,8470,2005,1334,450376,424348
2021-02-25,AT,Austria,23,8493,2391,1438,452767,425786
2021-02-26,AT,Austria,22,8515,2093,1471,454860,427257
2021-02-27,AT,Austria,23,8538,2457,1647,457317,428904
2021-02-28,AT,Austria,23,8561,2123,1511,459440,430415
2021-03-01,AT,Austria,13,8574,1409,1601,460849,432016
2021-03-02,AT,Austria,31,8605,1920,1857,462769,433873
2021-03-03,AT,Austria,20,8625,2553,1796,465322,435669
2021-03-04,AT,Austria,27,8652,2324,1533,467646,437202
2021-03-05,AT,Austria,17,8669,2668,1899,470314,439101
2021-03-06,AT,Austria,25,8694,2557,2208,472871,441309
2021-03-07,AT,Austria,19,8713,2199,1843,475070,443152
2021-03-08,AT,Austria,19,8732,1910,1880,476980,445032
2021-03-09,AT,Austria,25,8757,2411,2009,479391,447041
2021-03-10,AT,Austria,19,8776,2528,2012,481919,449053
2021-03-11,AT,Austria,22,8798,2997,1809,484916,450862
2021-03-12,AT,Austria,33,8831,3126,2216,488042,453078
2021-03-13,AT,Austria,25,8856,3023,2193,491065,455271
2021-03-14,AT,Austria,17,8873,2503,1995,493568,457266
2021-03-15,AT,Austria,19,8892,1896,2022,495464,459288
2021-03-16,AT,Austria,33,8925,2425,2371,497889,461659
2021-03-17,AT,Austria,31,8956,3335,2055,501224,463714
2021-03-18,AT,Austria,26,8982,3357,2270,504581,465984
2021-03-19,AT,Austria,42,9024,3515,2291,508096,468275
2021-03-20,AT,Austria,28,9052,3344,2409,511440,470684
2021-03-21,AT,Austria,22,9074,2713,2673,514153,473357
2021-03-22,AT,Austria,15,9089,2412,1870,516565,475227
2021-03-23,AT,Austria,32,9121,3415,2713,519980,477940
2021-03-24,AT,Austria,30,9151,3289,2657,523269,480597
2021-03-25,AT,Austria,27,9178,3124,2863,526393,483460
2021-03-26,AT,Austria,22,9200,3895,2628,530288,486088
2021-03-27,AT,Austria,31,9231,3498,2876,533786,488964
2021-03-28,AT,Austria,25,9256,2679,2655,536465,491619
2021-03-29,AT,Austria,19,9275,3076,2758,539541,494377
2021-03-30,AT,Austria,33,9308,3001,3439,542542,497816
2021-03-31,AT,Austria,31,9339,3687,3300,546229,501116
2021-04-01,AT,Austria,29,9368,3363,2613,549592,503729
2021-04-02,AT,Austria,29,9397,3137,2946,552729,506675
2021-04-03,AT,Austria,37,9434,3283,2875,556012,509550
2020-12-01,BE,Belgium,141,16786,1867,0,579212,0
2020-12-02,BE,Belgium,125,16911,3040,0,582252,0
2020-12-03,BE,Belgium,122,17033,2605,0,584857,0
2020-12-04,BE,Belgium,109,17142,2582,0,587439,0
2020-12-05,BE,Belgium,112,17254,2503,0,589942,0
2020-12-06,BE,Belgium,66,17320,1814,0,591756,0
2020-12-07,BE,Belgium,66,17386,859,0,592615,0
2020-12-08,BE,Belgium,121,17507,1957,0,594572,0
2020-12-09,BE,Belgium,96,17603,3071,0,597643,0
2020-12-10,BE,Belgium,89,17692,2754,0,600397,0
2020-12-11,BE,Belgium,0,17692,0,0,600397,0
2020-12-12,BE,Belgium,100,17792,2762,0,603159,0
2020-12-13,BE,Belgium,159,17951,4978,0,608137,0
2020-12-14,BE,Belgium,103,18054,1074,0,609211,0
2020-12-15,BE,Belgium,124,18178,2211,0,611422,0
2020-12-16,BE,Belgium,100,18278,3636,0,615058,0
2020-12-17,BE,Belgium,93,18371,3146,0,618204,0
2020-12-18,BE,Belgium,84,18455,2835,0,621039,0
2020-12-19,BE,Belgium,90,18545,2721,0,623760,0
2020-12-20,BE,Belgium,81,18626,2170,0,625930,0
2020-12-21,BE,Belgium,71,18697,981,0,626911,0
2020-12-22,BE,Belgium,124,18821,2198,0,629109,0
2020-12-23,BE,Belgium,118,18939,3212,0,632321,0
2020-12-24,BE,Belgium,99,19038,2583,0,634904,0
2020-12-25,BE,Belgium,51,19089,2342,0,637246,0
2020-12-26,BE,Belgium,69,19158,784,0,638030,0
2020-12-27,BE,Belgium,42,19200,847,0,638877,0
2020-12-28,BE,Belgium,34,19234,857,0,639734,0
2020-12-29,BE,Belgium,127,19361,1677,0,641411,0
2020-12-30,BE,Belgium,80,19441,2831,0,644242,0
2020-12-31,BE,Belgium,87,19528,2254,0,646496,0
2021-01-01,BE,Belgium,53,19581,1793,0,648289,0
2021-01-02,BE,Belgium,63,19644,880,0,649169,0
2021-01-03,BE,Belgium,57,19701,842,0,650011,0
2021-01-04,BE,Belgium,49,19750,876,0,650887,0
2021-01-05,BE,Belgium,77,19827,1848,0,652735,0
2021-01-06,BE,Belgium,56,19883,2997,0,655732,0
2021-01-07,BE,Belgium,53,19936,2923,0,658655,0
2021-01-08,BE,Belgium,56,19992,2048,0,660703,0
2021-01-09,BE,Belgium,46,20038,1991,0,662694,0
2021-01-10,BE,Belgium,40,20078,1569,0,664263,0
2021-01-11,BE,Belgium,44,20122,960,0,665223,0
2021-01-12,BE,Belgium,72,20194,2099,0,667322,0
2021-01-13,BE,Belgium,56,20250,2927,0,670249,0
2021-01-14,BE,Belgium,44,20294,2637,0,672886,0
2021-01-15,BE,Belgium,58,20352,2203,0,675089,0
2021-01-16,BE,Belgium,44,20396,2120,0,677209,0
2021-01-17,BE,Belgium,39,20435,1630,0,678839,0
2021-01-18,BE,Belgium,37,20472,932,0,679771,0
2021-01-19,BE,Belgium,82,20554,1479,0,681250,0
2021-01-20,BE,Belgium,18,20572,3006,0,684256,0
2021-01-21,BE,Belgium,48,20620,2571,0,686827,0
2021-01-22,BE,Belgium,55,20675,2444,0,689271,0
2021-01-23,BE,Belgium,51,20726,2583,0,691854,0
2021-01-24,BE,Belgium,53,20779,1812,0,693666,0
2021-01-25,BE,Belgium,35,20814,1192,0,694858,0
2021-01-26,BE,Belgium,65,20879,1784,0,696642,0
2021-01-27,BE,Belgium,54,20933,3020,0,699662,0
2021-01-28,BE,Belgium,49,20982,2775,0,702437,0
2021-01-29,BE,Belgium,36,21018,2683,0,705120,0
2021-01-30,BE,Belgium,48,21066,2717,0,707837,0
2021-01-31,BE,Belgium,26,21092,2316,0,710153,0
2021-02-01,BE,Belgium,32,21124,1264,0,711417,0
2021-02-02,BE,Belgium,49,21173,1854,0,713271,0
2021-02-03,BE,Belgium,43,21216,3124,0,716395,0
2021-02-04,BE,Belgium,44,21260,2452,0,718847,0
2021-02-05,BE,Belgium,35,21295,2585,0,721432,0
2021-02-06,BE,Belgium,57,21352,2438,0,723870,0
2021-02-07,BE,Belgium,37,21389,1740,0,725610,0
2021-02-08,BE,Belgium,34,21423,873,0,726483,0
2021-02-09,BE,Belgium,49,21472,1851,0,728334,0
2021-02-10,BE,Belgium,40,21512,2617,0,730951,0
2021-02-11,BE,Belgium,39,21551,2149,0,733100,0
2021-02-12,BE,Belgium,48,21599,2120,0,735220,0
2021-02-13,BE,Belgium,35,21634,1895,0,737115,0
2021-02-14,BE,Belgium,28,21662,1516,0,738631,0
2021-02-15,BE,Belgium,40,21702,857,0,739488,0
2021-02-16,BE,Belgium,48,21750,1717,0,741205,0
2021-02-17,BE,Belgium,43,21793,2677,0,743882,0
2021-02-18,BE,Belgium,28,21821,2420,0,746302,0
2021-02-19,BE,Belgium,38,21859,3437,0,749739,0
2021-02-20,BE,Belgium,28,21887,2640,0,752379,0
2021-02-21,BE,Belgium,16,21903,2094,0,754473,0
2021-02-22,BE,Belgium,20,21923,1121,0,755594,0
2021-02-23,BE,Belgium,33,21956,2102,0,757696,0
2021-02-24,BE,Belgium,32,21988,3113,0,760809,0
2021-02-25,BE,Belgium,18,22006,3076,0,763885,0
2021-02-26,BE,Belgium,28,22034,2769,0,766654,0
2021-02-27,BE,Belgium,18,22052,2760,0,769414,0
2021-02-28,BE,Belgium,25,22077,2097,0,771511,0
2021-03-01,BE,Belgium,29,22106,783,0,772294,0
2021-03-02,BE,Belgium,35,22141,2050,0,774344,0
2021-03-03,BE,Belgium,28,22169,3264,0,777608,0
2021-03-04,BE,Belgium,27,22196,2643,0,780251,0
2021-03-05,BE,Belgium,19,22215,2759,0,783010,0
2021-03-06,BE,Belgium,25,22240,2799,0,785809,0
2021-03-07,BE,Belgium,21,22261,2082,0,787891,0
2021-03-08,BE,Belgium,31,22292,1117,0,789008,0
2021-03-09,BE,Belgium,35,22327,2163,0,791171,0
2021-03-10,BE,Belgium,20,22347,3434,0,794605,0
2021-03-11,BE,Belgium,23,22370,3503,0,798108,0
2021-03-12,BE,Belgium,27,22397,3615,0,801723,0
2021-03-13,BE,Belgium,24,22421,3598,0,805321,0
2021-03-14,BE,Belgium,20,22441,2962,0,808283,0
2021-03-15,BE,Belgium,104,22545,1578,0,809861,0
2021-03-16,BE,Belgium,27,22572,3165,0,813026,0
2021-03-17,BE,Belgium,28,22600,5116,0,818142,0
2021-03-18,BE,Belgium,24,22624,4659,0,822801,0
2021-03-19,BE,Belgium,26,22650,5140,0,827941,0
2021-03-20,BE,Belgium,0,22650,0,0,827941,0
2021-03-21,BE,Belgium,57,22707,9065,0,837006,0
2021-03-22,BE,Belgium,21,22728,2232,0,839238,0
2021-03-23,BE,Belgium,35,22763,3537,0,842775,0
2021-03-24,BE,Belgium,23,22786,6315,0,849090,0
2021-03-25,BE,Belgium,30,22816,5518,0,854608,0
2021-03-26,BE,Belgium,36,22852,6123,0,860731,0
2021-03-27,BE,Belgium,18,22870,5332,0,866063,0
2021-03-28,BE,Belgium,27,22897,4694,0,870757,0
2021-03-29,BE,Belgium,24,22921,2179,0,872936,0
2021-03-30,BE,Belgium,45,22966,3906,0,876842,0
2021-03-31,BE,Belgium,50,23016,5611,0,882453,0
2021-04-01,BE,Belgium,29,23045,5467,0,887920,0
2021-04-02,BE,Belgium,38,23083,4665,0,892585,0
2021-04-03,BE,Belgium,47,23130,4889,0,897474,0
2020-12-01,EG,Egypt,16,6666,392,98,116303,102816
2020-12-02,EG,Egypt,28,6694,421,133,116724,102949
2020-12-03,EG,Egypt,19,6713,432,133,117156,103082
2020-12-04,EG,Egypt,19,6732,427,109,117583,103191
2020-12-05,EG,Egypt,18,6750,431,133,118014,103324
2020-12-06,EG,Egypt,21,6771,418,177,118432,103501
2020-12-07,EG,Egypt,19,6790,415,202,118847,103703
2020-12-08,EG,Egypt,23,6813,434,210,119281,103913
2020-12-09,EG,Egypt,19,6832,421,161,119702,104074
2020-12-10,EG,Egypt,22,6854,445,207,120147,104281
2020-12-11,EG,Egypt,23,6877,464,218,120611,104499
2020-12-12,EG,Egypt,21,6898,478,211,121089,104710
2020-12-13,EG,Egypt,22,6920,486,165,121575,104875
2020-12-14,EG,Egypt,23,6943,511,257,122086,105132
2020-12-15,EG,Egypt,23,6966,523,318,122609,105450
2020-12-16,EG,Egypt,24,6990,544,269,123153,105719
2020-12-17,EG,Egypt,25,7015,548,200,123701,105919
2020-12-18,EG,Egypt,26,7041,579,238,124280,106157
2020-12-19,EG,Egypt,28,7069,611,324,124891,106481
2020-12-20,EG,Egypt,29,7098,664,336,125555,106817
2020-12-21,EG,Egypt,32,7130,718,345,126273,107162
2020-12-22,EG,Egypt,37,7167,788,401,127061,107563
2020-12-23,EG,Egypt,42,7209,911,398,127972,107961
2020-12-24,EG,Egypt,51,7260,1021,513,128993,108474
2020-12-25,EG,Egypt,49,7309,1133,511,130126,108985
2020-12-26,EG,Egypt,43,7352,1189,477,131315,109462
2020-12-27,EG,Egypt,53,7405,1226,553,132541,110015
2020-12-28,EG,Egypt,61,7466,1359,421,133900,110436
2020-12-29,EG,Egypt,54,7520,1333,604,135233,111040
2020-12-30,EG,Egypt,56,7576,1411,411,136644,111451
2020-12-31,EG,Egypt,55,7631,1418,654,138062,112105
2021-01-01,EG,Egypt,56,7687,1409,721,139471,112826
2021-01-02,EG,Egypt,54,7741,1407,654,140878,113480
2021-01-03,EG,Egypt,64,7805,1309,418,142187,113898
2021-01-04,EG,Egypt,58,7863,1277,703,143464,114601
2021-01-05,EG,Egypt,55,7918,1119,813,144583,115414
2021-01-06,EG,Egypt,57,7975,1007,561,145590,115975
2021-01-07,EG,Egypt,54,8029,1219,800,146809,116775
2021-01-08,EG,Egypt,56,8085,1001,754,147810,117529
2021-01-09,EG,Egypt,57,8142,989,765,148799,118294
2021-01-10,EG,Egypt,55,8197,993,606,149792,118900
2021-01-11,EG,Egypt,52,8249,961,312,150753,119212
2021-01-12,EG,Egypt,55,8304,970,423,151723,119635
2021-01-13,EG,Egypt,58,8362,996,677,152719,120312
2021-01-14,EG,Egypt,59,8421,1022,760,153741,121072
2021-01-15,EG,Egypt,52,8473,879,720,154620,121792
2021-01-16,EG,Egypt,54,8527,887,499,155507,122291
2021-01-17,EG,Egypt,56,8583,890,702,156397,122993
2021-01-18,EG,Egypt,55,8638,878,498,157275,123491
2021-01-19,EG,Egypt,58,8696,899,603,158174,124094
2021-01-20,EG,Egypt,51,8747,789,511,158963,124605
2021-01-21,EG,Egypt,54,8801,752,566,159715,125171
2021-01-22,EG,Egypt,52,8853,748,432,160463,125603
2021-01-23,EG,Egypt,49,8902,680,573,161143,126176
2021-01-24,EG,Egypt,57,8959,674,321,161817,126497
2021-01-25,EG,Egypt,53,9012,669,504,162486,127001
2021-01-26,EG,Egypt,55,9067,643,432,163129,127433
2021-01-27,EG,Egypt,48,9115,632,530,163761,127963
2021-01-28,EG,Egypt,54,9169,521,477,164282,128440
2021-01-29,EG,Egypt,48,9217,589,360,164871,128800
2021-01-30,EG,Egypt,46,9263,547,493,165418,129293
2021-01-31,EG,Egypt,53,9316,533,343,165951,129636
2021-02-01,EG,Egypt,44,9360,541,471,166492,130107
2021-02-02,EG,Egypt,47,9407,521,407,167013,130514
2021-02-03,EG,Egypt,53,9460,512,398,167525,130912
2021-02-04,EG,Egypt,52,9512,532,299,168057,131211
2021-02-05,EG,Egypt,48,9560,540,421,168597,131632
2021-02-06,EG,Egypt,44,9604,509,422,169106,132054
2021-02-07,EG,Egypt,47,9651,534,321,169640,132375
2021-02-08,EG,Egypt,48,9699,567,323,170207,132698
2021-02-09,EG,Egypt,52,9751,573,400,170780,133098
2021-02-10,EG,Egypt,53,9804,610,233,171390,133331
2021-02-11,EG,Egypt,53,9857,603,376,171993,133707
2021-02-12,EG,Egypt,42,9899,609,508,172602,134215
2021-02-13,EG,Egypt,36,9935,600,423,173202,134638
2021-02-14,EG,Egypt,59,9994,611,322,173813,134960
2021-02-15,EG,Egypt,56,10050,613,389,174426,135349
2021-02-16,EG,Egypt,51,10101,633,321,175059,135670
2021-02-17,EG,Egypt,49,10150,618,411,175677,136081
2021-02-18,EG,Egypt,51,10201,656,409,176333,136490
2021-02-19,EG,Egypt,49,10250,610,399,176943,136889
2021-02-20,EG,Egypt,48,10298,600,405,177543,137294
2021-02-21,EG,Egypt,55,10353,608,543,178151,137837
2021-02-22,EG,Egypt,51,10404,623,346,178774,138183
2021-02-23,EG,Egypt,39,10443,633,500,179407,138683
2021-02-24,EG,Egypt,52,10495,644,389,180051,139072
2021-02-25,EG,Egypt,46,10541,589,422,180640,139494
2021-02-26,EG,Egypt,49,10590,601,433,181241,139927
2021-02-27,EG,Egypt,49,10639,588,533,181829,140460
2021-02-28,EG,Egypt,49,10688,595,432,182424,140892
2021-03-01,EG,Egypt,48,10736,586,455,183010,141347
2021-03-02,EG,Egypt,42,10778,581,308,183591,141655
2021-03-03,EG,Egypt,44,10822,577,500,184168,142155
2021-03-04,EG,Egypt,49,10871,587,455,184755,142610
2021-03-05,EG,Egypt,45,10916,579,533,185334,143143
2021-03-06,EG,Egypt,38,10954,588,432,185922,143575
2021-03-07,EG,Egypt,41,10995,581,444,186503,144019
2021-03-08,EG,Egypt,43,11038,591,466,187094,144485
2021-03-09,EG,Egypt,44,11082,622,432,187716,144917
2021-03-10,EG,Egypt,46,11128,645,501,188361,145418
2021-03-11,EG,Egypt,41,11169,639,505,189000,145923
2021-03-12,EG,Egypt,45,11214,639,511,189639,146434
2021-03-13,EG,Egypt,42,11256,641,369,190280,146803
2021-03-14,EG,Egypt,44,11300,644,431,190924,147234
2021-03-15,EG,Egypt,40,11340,631,533,191555,147767
2021-03-16,EG,Egypt,44,11384,640,322,192195,148089
2021-03-17,EG,Egypt,47,11431,645,335,192840,148424
2021-03-18,EG,Egypt,41,11472,642,399,193482,148823
2021-03-19,EG,Egypt,40,11512,645,433,194127,149256
2021-03-20,EG,Egypt,45,11557,644,233,194771,149489
2021-03-21,EG,Egypt,41,11598,647,445,195418,149934
2021-03-22,EG,Egypt,39,11637,643,490,196061,150424
2021-03-23,EG,Egypt,43,11680,648,500,196709,150924
2021-03-24,EG,Egypt,40,11720,641,520,197350,151444
2021-03-25,EG,Egypt,48,11768,661,321,198011,151765
2021-03-26,EG,Egypt,36,11804,670,433,198681,152198
2021-03-27,EG,Egypt,41,11845,683,444,199364,152642
2021-03-28,EG,Egypt,37,11882,686,533,200050,153175
2021-03-29,EG,Egypt,32,11914,689,455,200739,153630
2021-03-30,EG,Egypt,42,11956,693,564,201432,154194
2021-03-31,EG,Egypt,39,11995,699,500,202131,154694
2021-04-01,EG,Egypt,46,12041,712,322,202843,155016
2021-04-02,EG,Egypt,43,12084,703,432,203546,155448
2021-04-03,EG,Egypt,39,12123,710,438,204256,155886
2020-12-01,IE,Ireland,16,2069,254,0,72798,23364
2020-12-02,IE,Ireland,5,2074,268,0,73066,23364
2020-12-03,IE,Ireland,6,2080,162,0,73228,23364
2020-12-04,IE,Ireland,6,2086,263,0,73491,23364
2020-12-05,IE,Ireland,13,2099,457,0,73948,23364
2020-12-06,IE,Ireland,0,2099,298,0,74246,23364
2020-12-07,IE,Ireland,0,2099,222,0,74468,23364
2020-12-08,IE,Ireland,0,2097,214,0,74682,23364
2020-12-09,IE,Ireland,5,2102,218,0,74900,23364
2020-12-10,IE,Ireland,15,2117,303,0,75203,23364
2020-12-11,IE,Ireland,3,2120,304,0,75507,23364
2020-12-12,IE,Ireland,3,2123,249,0,75756,23364
2020-12-13,IE,Ireland,1,2124,429,0,76185,23364
2020-12-14,IE,Ireland,2,2126,264,0,76449,23364
2020-12-15,IE,Ireland,8,2134,327,0,76776,23364
2020-12-16,IE,Ireland,6,2140,421,0,77197,23364
2020-12-17,IE,Ireland,3,2143,481,0,77678,23364
2020-12-18,IE,Ireland,6,2149,576,0,78254,23364
2020-12-19,IE,Ireland,5,2154,522,0,78776,23364
2020-12-20,IE,Ireland,4,2158,766,0,79542,23364
2020-12-21,IE,Ireland,0,2158,725,0,80267,23364
2020-12-22,IE,Ireland,13,2171,961,0,81228,23364
2020-12-23,IE,Ireland,13,2184,927,0,82155,23364
2020-12-24,IE,Ireland,8,2192,918,0,83073,23364
2020-12-25,IE,Ireland,2,2194,1025,0,84098,23364
2020-12-26,IE,Ireland,6,2200,1296,0,85394,23364
2020-12-27,IE,Ireland,4,2204,735,0,86129,23364
2020-12-28,IE,Ireland,1,2205,765,0,86894,23364
2020-12-29,IE,Ireland,8,2213,1545,0,88439,23364
2020-12-30,IE,Ireland,13,2226,1718,0,90157,23364
2020-12-31,IE,Ireland,11,2237,1622,0,91779,23364
2021-01-01,IE,Ireland,11,2248,1753,0,93532,23364
2021-01-02,IE,Ireland,4,2252,3394,0,96926,23364
2021-01-03,IE,Ireland,7,2259,4961,0,101887,23364
2021-01-04,IE,Ireland,6,2265,6110,0,107997,23364
2021-01-05,IE,Ireland,17,2282,5325,0,113322,23364
2021-01-06,IE,Ireland,17,2299,7832,0,121154,23364
2021-01-07,IE,Ireland,8,2307,6503,0,127657,23364
2021-01-08,IE,Ireland,20,2327,8227,0,135884,23364
2021-01-09,IE,Ireland,9,2336,4843,0,140727,23364
2021-01-10,IE,Ireland,8,2344,6886,0,147613,23364
2021-01-11,IE,Ireland,8,2352,4926,0,152539,23364
2021-01-12,IE,Ireland,45,2397,3052,0,155591,23364
2021-01-13,IE,Ireland,63,2460,3553,0,159144,23364
2021-01-14,IE,Ireland,28,2488,3913,0,163057,23364
2021-01-15,IE,Ireland,48,2536,3491,0,166548,23364
2021-01-16,IE,Ireland,59,2595,3232,0,169780,23364
2021-01-17,IE,Ireland,13,2608,2946,0,172726,23364
2021-01-18,IE,Ireland,8,2616,2117,0,174843,23364
2021-01-19,IE,Ireland,92,2708,1996,0,176839,23364
2021-01-20,IE,Ireland,60,2768,2485,0,179324,23364
2021-01-21,IE,Ireland,50,2818,2598,0,181922,23364
2021-01-22,IE,Ireland,52,2870,2357,0,184279,23364
2021-01-23,IE,Ireland,77,2947,1905,0,186184,23364
2021-01-24,IE,Ireland,23,2970,1370,0,187554,23364
2021-01-25,IE,Ireland,7,2977,1369,0,188923,23364
2021-01-26,IE,Ireland,89,3066,928,0,189851,23364
2021-01-27,IE,Ireland,54,3120,1331,0,191182,23364
2021-01-28,IE,Ireland,47,3167,1463,0,192645,23364
2021-01-29,IE,Ireland,47,3214,1247,0,193892,23364
2021-01-30,IE,Ireland,78,3292,1411,0,195303,23364
2021-01-31,IE,Ireland,15,3307,1244,0,196547,23364
2021-02-01,IE,Ireland,10,3317,1006,0,197553,23364
2021-02-02,IE,Ireland,101,3418,871,0,198424,23364
2021-02-03,IE,Ireland,94,3512,1006,0,199430,23364
2021-02-04,IE,Ireland,74,3586,1314,0,200744,23364
2021-02-05,IE,Ireland,35,3621,1019,0,201763,23364
2021-02-06,IE,Ireland,53,3674,785,0,202548,23364
2021-02-07,IE,Ireland,12,3686,1020,0,203568,23364
2021-02-08,IE,Ireland,1,3687,829,0,204397,23364
2021-02-09,IE,Ireland,65,3752,543,0,204940,23364
2021-02-10,IE,Ireland,42,3794,999,0,205939,23364
2021-02-11,IE,Ireland,52,3846,862,0,206801,23364
2021-02-12,IE,Ireland,19,3865,919,0,207720,23364
2021-02-13,IE,Ireland,66,3931,1076,0,208796,23364
2021-02-14,IE,Ireland,17,3948,786,0,209582,23364
2021-02-15,IE,Ireland,0,3948,820,0,210402,23364
2021-02-16,IE,Ireland,32,3980,711,0,211113,23364
2021-02-17,IE,Ireland,56,4036,638,0,211751,23364
2021-02-18,IE,Ireland,46,4082,896,0,212647,23364
2021-02-19,IE,Ireland,27,4109,753,0,213400,23364
2021-02-20,IE,Ireland,26,4135,978,0,214378,23364
2021-02-21,IE,Ireland,1,4136,679,0,215057,23364
2021-02-22,IE,Ireland,1,4137,686,0,215743,23364
2021-02-23,IE,Ireland,44,4181,557,0,216300,23364
2021-02-24,IE,Ireland,56,4237,540,0,216840,23364
2021-02-25,IE,Ireland,34,4271,638,0,217478,23364
2021-02-26,IE,Ireland,29,4300,773,0,218251,23364
2021-02-27,IE,Ireland,13,4313,729,0,218980,23364
2021-02-28,IE,Ireland,6,4319,612,0,219592,23364
2021-03-01,IE,Ireland,0,4319,681,0,220273,23364
2021-03-02,IE,Ireland,14,4333,357,0,220630,23364
2021-03-03,IE,Ireland,24,4357,559,0,221189,23364
2021-03-04,IE,Ireland,39,4396,460,0,221649,23364
2021-03-05,IE,Ireland,9,4405,520,0,222169,23364
2021-03-06,IE,Ireland,14,4419,530,0,222699,23364
2021-03-07,IE,Ireland,3,4422,520,0,223219,23364
2021-03-08,IE,Ireland,0,4422,432,0,223651,23364
2021-03-09,IE,Ireland,30,4452,306,0,223957,23364
2021-03-10,IE,Ireland,47,4499,631,0,224588,23364
2021-03-11,IE,Ireland,10,4509,591,0,225179,23364
2021-03-12,IE,Ireland,9,4518,641,0,225820,23364
2021-03-13,IE,Ireland,16,4534,538,0,226358,23364
2021-03-14,IE,Ireland,0,4534,383,0,226741,23364
2021-03-15,IE,Ireland,0,4534,575,0,227316,23364
2021-03-16,IE,Ireland,18,4552,347,0,227663,23364
2021-03-17,IE,Ireland,14,4566,552,0,228215,23364
2021-03-18,IE,Ireland,0,4566,581,0,228796,23364
2021-03-19,IE,Ireland,10,4576,510,0,229306,23364
2021-03-20,IE,Ireland,9,4585,525,0,229831,23364
2021-03-21,IE,Ireland,2,4587,768,0,230599,23364
2021-03-22,IE,Ireland,1,4588,520,0,231119,23364
2021-03-23,IE,Ireland,22,4610,365,0,231484,23364
2021-03-24,IE,Ireland,18,4628,680,0,232164,23364
2021-03-25,IE,Ireland,3,4631,594,0,232758,23364
2021-03-26,IE,Ireland,20,4651,569,0,233327,23364
2021-03-27,IE,Ireland,2,4653,610,0,233937,23364
2021-03-28,IE,Ireland,13,4666,604,0,234541,23364
2021-03-29,IE,Ireland,1,4667,537,0,235078,23364
2021-03-30,IE,Ireland,14,4681,366,0,235444,23364
2021-03-31,IE,Ireland,6,4687,410,0,235854,23364
2021-04-01,IE,Ireland,18,4705,746,0,236600,23364
2021-04-02,IE,Ireland,8,4713,587,0,237187,23364
2021-04-03,IE,Ireland,2,4715,508,0,237695,23364
2020-12-01,IT,Italy,785,56361,19347,27088,1620901,784595
2020-12-02,IT,Italy,684,57045,20709,38740,1641610,823335
2020-12-03,IT,Italy,993,58038,23219,23474,1664829,846809
2020-12-04,IT,Italy,814,58852,24110,25576,1688939,872385
2020-12-05,IT,Italy,662,59514,21052,23923,1709991,896308
2020-12-06,IT,Italy,564,60078,18887,17186,1728878,913494
2020-12-07,IT,Italy,528,60606,13679,19638,1742557,933132
2020-12-08,IT,Italy,634,61240,14837,25497,1757394,958629
2020-12-09,IT,Italy,499,61739,12755,39266,1770149,997895
2020-12-10,IT,Italy,887,62626,16998,30099,1787147,1027994
2020-12-11,IT,Italy,761,63387,18726,24169,1805873,1052163
2020-12-12,IT,Italy,649,64036,19902,24728,1825775,1076891
2020-12-13,IT,Italy,484,64520,17937,16270,1843712,1093161
2020-12-14,IT,Italy,491,65011,12025,22456,1855737,1115617
2020-12-15,IT,Italy,846,65857,14839,25789,1870576,1141406
2020-12-16,IT,Italy,680,66537,17568,34495,1888144,1175901
2020-12-17,IT,Italy,683,67220,18233,27913,1906377,1203814
2020-12-18,IT,Italy,674,67894,15401,22272,1921778,1226086
2020-12-19,IT,Italy,553,68447,16305,23384,1938083,1249470
2020-12-20,IT,Italy,352,68799,15102,12156,1953185,1261626
2020-12-21,IT,Italy,415,69214,10869,19632,1964054,1281258
2020-12-22,IT,Italy,628,69842,13316,20315,1977370,1301573
2020-12-23,IT,Italy,553,70395,13908,20494,1991278,1322067
2020-12-24,IT,Italy,505,70900,18039,22718,2009317,1344785
2020-12-25,IT,Italy,459,71359,19037,32324,2028354,1377109
2020-12-26,IT,Italy,261,71620,10405,9089,2038759,1386198
2020-12-27,IT,Italy,305,71925,8937,7813,2047696,1394011
2020-12-28,IT,Italy,445,72370,8581,14675,2056277,1408686
2020-12-29,IT,Italy,659,73029,11210,17044,2067487,1425730
2020-12-30,IT,Italy,575,73604,16202,19960,2083689,1445690
2020-12-31,IT,Italy,555,74159,23477,17421,2107166,1463111
2021-01-01,IT,Italy,462,74621,22210,16877,2129376,1479988
2021-01-02,IT,Italy,364,74985,11825,9166,2141201,1489154
2021-01-03,IT,Italy,347,75332,14245,14746,2155446,1503900
2021-01-04,IT,Italy,348,75680,10798,16206,2166244,1520106
2021-01-05,IT,Italy,649,76329,15375,16023,2181619,1536129
2021-01-06,IT,Italy,548,76877,20326,20227,2201945,1556356
2021-01-07,IT,Italy,414,77291,18416,15659,2220361,1572015
2021-01-08,IT,Italy,620,77911,17529,17575,2237890,1589590
2021-01-09,IT,Italy,483,78394,19976,17040,2257866,1606630
2021-01-10,IT,Italy,361,78755,18625,11174,2276491,1617804
2021-01-11,IT,Italy,448,79203,12530,16035,2289021,1633839
2021-01-12,IT,Italy,616,79819,14242,19565,2303263,1653404
2021-01-13,IT,Italy,507,80326,15773,20532,2319036,1673936
2021-01-14,IT,Italy,522,80848,17243,20115,2336279,1694051
2021-01-15,IT,Italy,477,81325,16144,18979,2352423,1713030
2021-01-16,IT,Italy,475,81800,16310,16186,2368733,1729216
2021-01-17,IT,Italy,377,82177,12544,16510,2381277,1745726
2021-01-18,IT,Italy,377,82554,8825,14763,2390102,1760489
2021-01-19,IT,Italy,603,83157,10496,21428,2400598,1781917
2021-01-20,IT,Italy,524,83681,13568,25015,2414166,1806932
2021-01-21,IT,Italy,521,84202,14055,20519,2428221,1827451
2021-01-22,IT,Italy,472,84674,13633,27676,2441854,1855127
2021-01-23,IT,Italy,488,85162,13331,16062,2455185,1871189
2021-01-24,IT,Italy,299,85461,11628,10885,2466813,1882074
2021-01-25,IT,Italy,420,85881,8559,15787,2475372,1897861
2021-01-26,IT,Italy,541,86422,10584,19256,2485956,1917117
2021-01-27,IT,Italy,467,86889,15191,19172,2501147,1936289
2021-01-28,IT,Italy,492,87381,14360,17220,2515507,1953509
2021-01-29,IT,Italy,477,87858,13563,19879,2529070,1973388
2021-01-30,IT,Italy,421,88279,12713,16764,2541783,1990152
2021-01-31,IT,Italy,237,88516,11249,20396,2553032,2010548
2021-02-01,IT,Italy,329,88845,7925,13975,2560957,2024523
2021-02-02,IT,Italy,499,89344,9651,18976,2570608,2043499
2021-02-03,IT,Italy,476,89820,13182,15749,2583790,2059248
2021-02-04,IT,Italy,421,90241,13656,17680,2597446,2076928
2021-02-05,IT,Italy,377,90618,14213,14995,2611659,2091923
2021-02-06,IT,Italy,385,91003,13439,15138,2625098,2107061
2021-02-07,IT,Italy,270,91273,11640,11380,2636738,2118441
2021-02-08,IT,Italy,307,91580,7969,15082,2644707,2133523
2021-02-09,IT,Italy,422,92002,10612,15827,2655319,2149350
2021-02-10,IT,Italy,336,92338,12947,16467,2668266,2165817
2021-02-11,IT,Italy,391,92729,15137,19838,2683403,2185655
2021-02-12,IT,Italy,316,93045,13893,16422,2697296,2202077
2021-02-13,IT,Italy,311,93356,13523,13973,2710819,2216050
2021-02-14,IT,Italy,221,93577,11060,9469,2721879,2225519
2021-02-15,IT,Italy,258,93835,7344,11771,2729223,2237290
2021-02-16,IT,Italy,336,94171,10368,14444,2739591,2251734
2021-02-17,IT,Italy,369,94540,12066,16519,2751657,2268253
2021-02-18,IT,Italy,347,94887,13755,17771,2765412,2286024
2021-02-19,IT,Italy,348,95235,15470,17175,2780882,2303199
2021-02-20,IT,Italy,251,95486,14914,12488,2795796,2315687
2021-02-21,IT,Italy,232,95718,13450,8946,2809246,2324633
2021-02-22,IT,Italy,274,95992,9617,10335,2818863,2334968
2021-02-23,IT,Italy,356,96348,13299,12898,2832162,2347866
2021-02-24,IT,Italy,318,96666,16402,14599,2848564,2362465
2021-02-25,IT,Italy,308,96974,19871,12853,2868435,2375318
2021-02-26,IT,Italy,253,97227,20488,11714,2888923,2387032
2021-02-27,IT,Italy,280,97507,18902,11320,2907825,2398352
2021-02-28,IT,Italy,192,97699,17440,6847,2925265,2405199
2021-03-01,IT,Italy,246,97945,13106,10894,2938371,2416093
2021-03-02,IT,Italy,343,98288,17063,10057,2955434,2426150
2021-03-03,IT,Italy,347,98635,20840,14068,2976274,2440218
2021-03-04,IT,Italy,339,98974,22845,13488,2999119,2453706
2021-03-05,IT,Italy,297,99271,24010,13682,3023129,2467388
2021-03-06,IT,Italy,307,99578,23633,13984,3046762,2481372
2021-03-07,IT,Italy,207,99785,20724,13467,3067486,2494839
2021-03-08,IT,Italy,318,100103,13882,13893,3081368,2508732
2021-03-09,IT,Italy,376,100479,19725,12999,3101093,2521731
2021-03-10,IT,Italy,332,100811,22275,13752,3123368,2535483
2021-03-11,IT,Italy,373,101184,25649,15000,3149017,2550483
2021-03-12,IT,Italy,380,101564,26790,14443,3175807,2564926
2021-03-13,IT,Italy,317,101881,26031,14970,3201838,2579896
2021-03-14,IT,Italy,264,102145,21304,9835,3223142,2589731
2021-03-15,IT,Italy,354,102499,15252,15807,3238394,2605538
2021-03-16,IT,Italy,502,103001,20376,14116,3258770,2619654
2021-03-17,IT,Italy,431,103432,23040,19716,3281810,2639370
2021-03-18,IT,Italy,423,103855,24901,15976,3306711,2655346
2021-03-19,IT,Italy,386,104241,25707,16292,3332418,2671638
2021-03-20,IT,Italy,401,104642,23913,14598,3356331,2686236
2021-03-21,IT,Italy,300,104942,20045,13526,3376376,2699762
2021-03-22,IT,Italy,386,105328,24501,19715,3400877,2719477
2021-03-23,IT,Italy,551,105879,18739,33606,3419616,2753083
2021-03-24,IT,Italy,460,106339,21246,20132,3440862,2773215
2021-03-25,IT,Italy,460,106799,23681,21673,3464543,2794888
2021-03-26,IT,Italy,457,107256,24076,19764,3488619,2814652
2021-03-27,IT,Italy,380,107636,23834,18287,3512453,2832939
2021-03-28,IT,Italy,297,107933,19604,17950,3532057,2850889
2021-03-29,IT,Italy,417,108350,12900,19725,3544957,2870614
2021-03-30,IT,Italy,529,108879,16055,18687,3561012,2889301
2021-03-31,IT,Italy,467,109346,23887,23744,3584899,2913045
2021-04-01,IT,Italy,501,109847,22184,20712,3607083,2933757
2021-04-02,IT,Italy,481,110328,21917,19620,3629000,2953377
2021-04-03,IT,Italy,376,110704,21247,21311,3650247,2974688
2020-12-01,FR,France,775,53158,7951,1748,2231344,141558
2020-12-02,FR,France,310,53468,13980,1534,2245324,143092
2020-12-03,FR,France,323,53791,12570,1377,2257894,144469
2020-12-04,FR,France,627,54418,11186,855,2269080,145324
2020-12-05,FR,France,212,54630,12809,1006,2281889,146330
2020-12-06,FR,France,174,54804,10949,228,2292838,146558
2020-12-07,FR,France,366,55170,3411,699,2296249,147257
2020-12-08,FR,France,831,56001,13511,1583,2309760,148840
2020-12-09,FR,France,293,56294,14540,1379,2324300,150219
2020-12-10,FR,France,290,56584,13294,1411,2337594,151630
2020-12-11,FR,France,627,57211,13329,925,2350923,152555
2020-12-12,FR,France,193,57404,13817,0,2364740,152555
2020-12-13,FR,France,150,57554,11488,1104,2376228,153659
2020-12-14,FR,France,371,57925,3063,652,2379291,154311
2020-12-15,FR,France,787,58712,11128,1440,2390419,155751
2020-12-16,FR,France,289,59001,17564,1224,2407983,156975
2020-12-17,FR,France,258,59259,18080,1195,2426063,158170
2020-12-18,FR,France,610,59869,15674,968,2441737,159138
2020-12-19,FR,France,187,60056,17102,915,2458839,160053
2020-12-20,FR,France,130,60186,12619,235,2471458,160288
2020-12-21,FR,France,351,60537,5797,658,2477255,160946
2020-12-22,FR,France,802,61339,11634,1594,2488889,162540
2020-12-23,FR,France,275,61614,14804,1214,2503693,163754
2020-12-24,FR,France,290,61904,21541,1367,2525234,165121
2020-12-25,FR,France,159,62063,20124,529,2545358,165650
2020-12-26,FR,France,146,62209,3030,273,2548388,165923
2020-12-27,FR,France,173,62382,8233,223,2556621,166146
2020-12-28,FR,France,363,62745,2954,781,2559575,166927
2020-12-29,FR,France,968,63713,11192,1084,2570767,168011
2020-12-30,FR,France,303,64016,26357,1239,2597124,169250
2020-12-31,FR,France,251,64267,19778,1176,2616902,170426
2021-01-01,FR,France,132,64399,19143,470,2636045,170896
2021-01-02,FR,France,156,64555,3359,273,2639404,171169
2021-01-03,FR,France,116,64671,12489,212,2651893,171381
2021-01-04,FR,France,378,65049,4022,651,2655915,172032
2021-01-05,FR,France,866,65915,20280,1466,2676195,173498
2021-01-06,FR,France,282,66197,25020,1253,2701215,174751
2021-01-07,FR,France,275,66472,21513,0,2722728,174751
2021-01-08,FR,France,590,67062,19621,2406,2742349,177157
2021-01-09,FR,France,167,67229,19771,879,2762120,178036
2021-01-10,FR,France,151,67380,15801,264,2777921,178300
2021-01-11,FR,France,310,67690,3582,643,2781503,178943
2021-01-12,FR,France,741,68431,19267,1318,2800770,180261
2021-01-13,FR,France,229,68660,23703,1282,2824473,181543
2021-01-14,FR,France,282,68942,21228,1130,2845701,182673
2021-01-15,FR,France,634,69576,20712,1046,2866413,183719
2021-01-16,FR,France,190,69766,21119,0,2887532,183719
2021-01-17,FR,France,140,69906,16443,1272,2903975,184991
2021-01-18,FR,France,403,70309,3736,857,2907711,185848
2021-01-19,FR,France,654,70963,23339,1616,2931050,187464
2021-01-20,FR,France,310,71273,26497,1426,2957547,188890
2021-01-21,FR,France,346,71619,22368,1296,2979915,190186
2021-01-22,FR,France,649,72268,22995,1076,3002910,191262
2021-01-23,FR,France,229,72497,23410,903,3026320,192165
2021-01-24,FR,France,171,72668,18038,240,3044358,192405
2021-01-25,FR,France,445,73113,4240,743,3048598,193148
2021-01-26,FR,France,612,73725,21860,1444,3070458,194592
2021-01-27,FR,France,350,74075,26916,1418,3097374,196010
2021-01-28,FR,France,343,74418,23260,0,3120634,196010
2021-01-29,FR,France,820,75238,22783,2604,3143417,198614
2021-01-30,FR,France,240,75478,23857,689,3167274,199303
2021-01-31,FR,France,195,75673,19080,286,3186354,199589
2021-02-01,FR,France,455,76128,4347,903,3190701,200492
2021-02-02,FR,France,724,76852,22659,1577,3213360,202069
2021-02-03,FR,France,357,77209,25896,1576,3239256,203645
2021-02-04,FR,France,0,77205,0,0,3238798,203645
2021-02-05,FR,France,1006,78211,45287,2836,3284085,206481
2021-02-06,FR,France,190,78401,19188,1144,3303273,207625
2021-02-07,FR,France,171,78572,19715,284,3322988,207909
2021-02-08,FR,France,458,79030,4317,1016,3327305,208925
2021-02-09,FR,France,722,79752,18253,1724,3345558,210649
2021-02-10,FR,France,293,80045,25087,1116,3370645,211765
2021-02-11,FR,France,359,80404,20307,1640,3390952,213405
2021-02-12,FR,France,642,81046,20044,0,3410996,213405
2021-02-13,FR,France,198,81244,20809,0,3431805,213405
2021-02-14,FR,France,161,81405,15713,0,3447518,213405
2021-02-15,FR,France,412,81817,4376,3775,3451894,217180
2021-02-16,FR,France,582,82399,19374,1710,3471268,218890
2021-02-17,FR,France,306,82705,24507,972,3495775,219862
2021-02-18,FR,France,270,82975,21402,1390,3517177,221252
2021-02-19,FR,France,567,83542,24105,0,3541282,221252
2021-02-20,FR,France,151,83693,21425,0,3562707,221252
2021-02-21,FR,France,159,83852,21619,0,3584326,221252
2021-02-22,FR,France,333,84185,4646,3405,3588972,224657
2021-02-23,FR,France,425,84610,19299,1551,3608271,226208
2021-02-24,FR,France,274,84884,31230,673,3639501,226881
2021-02-25,FR,France,257,85141,24549,1418,3664050,228299
2021-02-26,FR,France,535,85676,24984,0,3689034,228299
2021-02-27,FR,France,182,85858,23440,0,3712474,228299
2021-02-28,FR,France,122,85980,19952,0,3732426,228299
2021-03-01,FR,France,367,86347,3964,3516,3736390,231815
2021-03-02,FR,France,417,86764,22857,823,3759247,232638
2021-03-03,FR,France,315,87079,26079,1396,3785326,234034
2021-03-04,FR,France,293,87372,25279,1401,3810605,235435
2021-03-05,FR,France,424,87796,22967,1229,3833572,236664
2021-03-06,FR,France,162,87958,22610,990,3856182,237654
2021-03-07,FR,France,130,88088,21825,386,3878007,238040
2021-03-08,FR,France,359,88447,5327,801,3883334,238841
2021-03-09,FR,France,364,88811,23029,1010,3906363,239851
2021-03-10,FR,France,252,89063,29627,1480,3935990,241331
2021-03-11,FR,France,265,89328,27166,1414,3963156,242745
2021-03-12,FR,France,223,89551,25038,1245,3988194,243990
2021-03-13,FR,France,169,89720,29650,937,4017844,244927
2021-03-14,FR,France,207,89927,25925,345,4043769,245272
2021-03-15,FR,France,333,90260,6241,811,4050010,246083
2021-03-16,FR,France,400,90660,30002,1589,4080012,247672
2021-03-17,FR,France,71,90731,37638,0,4117650,247672
2021-03-18,FR,France,417,91148,34954,2903,4152604,250575
2021-03-19,FR,France,285,91433,35026,0,4187630,250575
2021-03-20,FR,France,167,91600,35305,663,4222935,251238
2021-03-21,FR,France,137,91737,29984,0,4252919,251238
2021-03-22,FR,France,343,92080,15792,2239,4268711,253477
2021-03-23,FR,France,287,92367,14678,667,4283389,254144
2021-03-24,FR,France,227,92594,64225,0,4347614,254144
2021-03-25,FR,France,225,92819,45641,3100,4393255,257244
2021-03-26,FR,France,895,93714,41629,1455,4434884,258699
2021-03-27,FR,France,190,93904,42619,1288,4477503,259987
2021-03-28,FR,France,124,94028,36182,402,4513685,260389
2021-03-29,FR,France,360,94388,9094,1058,4522779,261447
2021-03-30,FR,France,381,94769,30702,1222,4553481,262669
2021-03-31,FR,France,283,95052,57911,1842,4611392,264511
2021-04-01,FR,France,304,95356,50449,1528,4661841,266039
2021-04-02,FR,France,327,95683,46807,1568,4708648,267607
2021-04-03,FR,France,0,95677,0,0,4707488,267607
2021-04-04,FR,France,369,96046,80629,1890,4788117,269497
2020-12-01,US,United States,2576,268695,179132,79174,13637602,5159312
2020-12-02,US,United States,2777,271472,199440,94268,13837596,5253580
2020-12-03,US,United States,2866,274338,216923,81047,14054519,5334627
2020-12-04,US,United States,2587,276925,227036,65325,14281555,5399952
2020-12-05,US,United States,2240,279165,212528,104474,14494083,5504426
2020-12-06,US,United States,1104,280269,174257,48349,14668340,5552775
2020-12-07,US,United States,1389,281658,191204,89372,14859427,5642147
2020-12-08,US,United States,2543,284201,214881,71155,15074426,5713302
2020-12-09,US,United States,3108,287309,220318,101657,15294744,5814959
2020-12-10,US,United States,2743,290052,223664,93663,15518408,5908622
2020-12-11,US,United States,3297,293349,229887,149318,15748295,6057940
2020-12-12,US,United States,2347,295696,218503,110622,15966798,6168562
2020-12-13,US,United States,1381,297038,190645,50973,16229568,6219535
2020-12-14,US,United States,1508,298609,192013,101045,16421188,6320580
2020-12-15,US,United States,3003,301612,197589,89999,16618777,6410579
2020-12-16,US,United States,3650,305250,246854,105043,16874827,6515622
2020-12-17,US,United States,3329,308579,234851,83692,17109678,6599314
2020-12-18,US,United States,2801,311380,248022,74142,17357700,6673456
2020-12-19,US,United States,2560,313940,194968,126323,17552668,6799779
2020-12-20,US,United States,1476,315416,187606,52540,17740274,6852319
2020-12-21,US,United States,1676,317092,189946,106580,17930220,6958899
2020-12-22,US,United States,3389,320481,193770,82913,18123990,7041812
2020-12-23,US,United States,3335,323816,227192,106457,18351182,7148269
2020-12-24,US,United States,2879,326695,191525,101406,18542707,7249675
2020-12-25,US,United States,1214,327909,98950,23368,18647979,7273043
2020-12-26,US,United States,1657,329566,224981,109511,18872960,7382554
2020-12-27,US,United States,1190,330756,148818,55849,19021778,7438403
2020-12-28,US,United States,1704,332460,166092,72568,19197747,7510971
2020-12-29,US,United States,3724,336184,199808,97706,19397555,7608677
2020-12-30,US,United States,3721,339905,228979,104339,19626534,7713016
2020-12-31,US,United States,3394,343299,226666,110454,19853200,7823470
2021-01-01,US,United States,2030,345329,159551,424873,20012751,8248343
2021-01-02,US,United States,2389,347718,296351,0,20309102,7993646
2021-01-03,US,United States,1373,349091,209986,43255,20519088,8036901
2021-01-04,US,United States,1889,350980,179670,162952,20698758,8199853
2021-01-05,US,United States,3763,354743,228238,77188,20926996,8277041
2021-01-06,US,United States,3841,358595,249102,97422,21179508,8374463
2021-01-07,US,United States,4173,362768,279620,112914,21459128,8487377
2021-01-08,US,United States,3451,366219,280652,71455,21739780,8558832
2021-01-09,US,United States,3224,369926,263917,103758,22068936,8662590
2021-01-10,US,United States,1803,371729,215467,40899,22284403,8703489
2021-01-11,US,United States,1990,373727,212595,116851,22496998,8820340
2021-01-12,US,United States,4455,378182,223914,83791,22720912,8904131
2021-01-13,US,United States,3939,382121,229805,90886,22950717,8995017
2021-01-14,US,United States,3898,386023,235151,120847,23186982,9115864
2021-01-15,US,United States,3788,389811,240101,61472,23427083,9177336
2021-01-16,US,United States,3336,393147,201792,79555,23628875,9256891
2021-01-17,US,United States,1746,394893,176652,41908,23805527,9298799
2021-01-18,US,United States,1396,396289,141258,78841,23946785,9377640
2021-01-19,US,United States,2762,399051,176532,109162,24123317,9486802
2021-01-20,US,United States,4359,403410,182383,119816,24305700,9606618
2021-01-21,US,United States,4186,407596,192741,48240,24498441,9654858
2021-01-22,US,United States,3726,411322,189036,103625,24687477,9758483
2021-01-23,US,United States,3319,414641,171667,70619,24859144,9829102
2021-01-24,US,United States,1771,416412,130012,40939,25009449,9870041
2021-01-25,US,United States,1902,418314,150321,116758,25159770,9986799
2021-01-26,US,United States,4070,422423,145894,73567,25307591,10060366
2021-01-27,US,United States,3925,426348,152136,100161,25459727,10160527
2021-01-28,US,United States,3986,430334,168041,124011,25627768,10284538
2021-01-29,US,United States,3588,433922,165383,62948,25793151,10347486
2021-01-30,US,United States,2718,436640,141405,83414,25934556,10430900
2021-01-31,US,United States,1784,438424,111468,40917,26046024,10471817
2021-02-01,US,United States,2021,440445,133536,106596,26179560,10578413
2021-02-02,US,United States,3520,443965,114142,57828,26293702,10636241
2021-02-03,US,United States,3895,447860,121130,87908,26414832,10724149
2021-02-04,US,United States,5070,452930,122686,127792,26537518,10851941
2021-02-05,US,United States,3660,456590,133186,57857,26670704,10909798
2021-02-06,US,United States,2602,459192,103481,78334,26774185,10988132
2021-02-07,US,United States,1291,460483,88922,34105,26863107,11022237
2021-02-08,US,United States,1586,462069,89276,81375,26952383,11103612
2021-02-09,US,United States,3121,465190,94946,74116,27047329,11177728
2021-02-10,US,United States,3356,468546,174326,114540,27141874,11292268
2021-02-11,US,United States,3863,472409,104992,75125,27246866,11367393
2021-02-12,US,United States,5435,477844,99064,56563,27345930,11423956
2021-02-13,US,United States,3350,481194,82806,62470,27428736,11486426
2021-02-14,US,United States,1084,482278,64520,30479,27493256,11516905
2021-02-15,US,United States,939,483265,53605,81611,27546861,11598516
2021-02-16,US,United States,1750,485015,61785,46166,27608646,11644682
2021-02-17,US,United States,2450,487465,70023,57044,27678669,11701726
2021-02-18,US,United States,2541,490006,69041,72593,27747683,11774319
2021-02-19,US,United States,2698,492704,109765,34547,27857448,11808866
2021-02-20,US,United States,1810,494537,71199,67418,27928647,11876284
2021-02-21,US,United States,1226,495763,56151,21797,27984798,11898081
2021-02-22,US,United States,1409,497172,55748,51169,28040546,11949250
2021-02-23,US,United States,2344,499516,71118,0,28111664,10359428
2021-02-24,US,United States,3206,502722,74324,66703,28185988,10426131
2021-02-25,US,United States,2404,505126,76999,56614,28262987,10482745
2021-02-26,US,United States,2140,507266,72598,31101,28335585,10513846
2021-02-27,US,United States,1526,508792,63898,52770,28403268,10566616
2021-02-28,US,United States,1086,509878,50831,21375,28454099,10587991
2021-03-01,US,United States,1562,511440,58436,28930,28512535,10616921
2021-03-02,US,United States,1921,512765,56518,31111,28541885,10648032
2021-03-03,US,United States,2456,515221,65776,31258,28607661,10679290
2021-03-04,US,United States,1897,517118,66855,45242,28674516,10724532
2021-03-05,US,United States,1750,519631,66468,26206,28741595,10750738
2021-03-06,US,United States,1479,521110,57649,0,28799611,10750738
2021-03-07,US,United States,671,521781,40756,0,28840367,0
2021-03-08,US,United States,714,522495,44565,0,28884932,0
2021-03-09,US,United States,1939,524434,56475,0,28941407,0
2021-03-10,US,United States,1553,525998,58510,0,29081912,0
2021-03-11,US,United States,1549,527547,61918,0,29130782,0
2021-03-12,US,United States,1765,529312,60873,0,29191655,0
2021-03-13,US,United States,1723,531036,52830,0,29244485,0
2021-03-14,US,United States,568,531604,37943,0,29282428,0
2021-03-15,US,United States,737,532341,56316,0,29338744,0
2021-03-16,US,United States,1284,533625,53402,0,29392146,0
2021-03-17,US,United States,1169,534794,58327,0,29450473,0
2021-03-18,US,United States,1605,536399,59964,0,29511160,0
2021-03-19,US,United States,1441,537840,61055,0,29572215,0
2021-03-20,US,United States,777,538618,54818,0,29627033,0
2021-03-21,US,United States,431,539049,33296,0,29660329,0
2021-03-22,US,United States,588,539637,50198,0,29710527,0
2021-03-23,US,United States,899,540512,53317,0,29764783,0
2021-03-24,US,United States,1449,541944,86652,0,29852302,0
2021-03-25,US,United States,1555,543499,67103,0,29919405,0
2021-03-26,US,United States,1259,544758,76770,0,29996175,0
2021-03-27,US,United States,737,545496,61552,0,30057727,0
2021-03-28,US,United States,506,546002,42969,0,30100696,0
2021-03-29,US,United States,698,546785,68895,0,30170256,0
2021-03-30,US,United States,872,547657,60904,0,30231160,0
2021-03-31,US,United States,1068,548725,66562,0,30297722,0
2021-04-01,US,United States,1059,549784,78378,0,30376204,0
2021-04-02,US,United States,957,550741,68877,0,30445081,0
2021-04-03,US,United States,675,551416,61390,0,30506471,0
2021-04-04,US,United States,217,551633,33751,0,30540222,0
2020-12-01,ZA,South Africa,109,21644,2295,1289,792299,732531
2020-12-02,ZA,South Africa,65,21709,4173,1774,796472,734305
2020-12-03,ZA,South Africa,94,21803,4400,5062,800872,739367
2020-12-04,ZA,South Africa,160,21963,4932,1083,805804,740450
2020-12-05,ZA,South Africa,104,22067,4645,3848,810449,744298
2020-12-06,ZA,South Africa,139,22206,4116,482,814565,744780
2020-12-07,ZA,South Africa,43,22249,3313,970,817878,745750
2020-12-08,ZA,South Africa,183,22432,4011,7322,821889,753072
2020-12-09,ZA,South Africa,142,22574,6709,1586,828598,754658
2020-12-10,ZA,South Africa,173,22747,8166,2013,836764,756671
2020-12-11,ZA,South Africa,205,22952,8319,1702,845083,758373
2020-12-12,ZA,South Africa,154,23106,7882,1745,852965,760118
2020-12-13,ZA,South Africa,170,23276,7999,893,860964,761011
2020-12-14,ZA,South Africa,175,23451,5163,1735,866127,762746
2020-12-15,ZA,South Africa,210,23661,7552,2231,873679,764977
2020-12-16,ZA,South Africa,166,23827,10008,9608,883687,774585
2020-12-17,ZA,South Africa,184,24011,9126,5728,892813,780313
2020-12-18,ZA,South Africa,274,24285,8725,3505,901538,783818
2020-12-19,ZA,South Africa,254,24539,10939,3964,912477,787782
2020-12-20,ZA,South Africa,152,24691,9445,6132,921922,793914
2020-12-21,ZA,South Africa,216,24907,8789,2432,930711,796346
2020-12-22,ZA,South Africa,339,25246,9501,11895,940212,808241
2020-12-23,ZA,South Africa,411,25657,14046,3131,954258,811372
2020-12-24,ZA,South Africa,326,25983,14305,11606,968563,822978
2020-12-25,ZA,South Africa,293,26276,14796,7273,983359,830251
2020-12-26,ZA,South Africa,245,26521,11552,8943,994911,839194
2020-12-27,ZA,South Africa,214,26735,9502,5680,1004413,844874
2020-12-28,ZA,South Africa,336,27071,7458,5100,1011871,849974
2020-12-29,ZA,South Africa,497,27568,9580,8482,1021451,858456
2020-12-30,ZA,South Africa,465,28033,17710,9141,1039161,867597
2020-12-31,ZA,South Africa,436,28469,18000,12074,1057161,879671
2021-01-01,ZA,South Africa,418,28887,16726,8030,1073887,887701
2021-01-02,ZA,South Africa,288,29175,15002,10003,1088889,897704
2021-01-03,ZA,South Africa,402,29577,11859,5975,1100748,903679
2021-01-04,ZA,South Africa,434,30011,12601,7894,1113349,911573
2021-01-05,ZA,South Africa,513,30524,14410,9306,1127759,920879
2021-01-06,ZA,South Africa,844,31368,21832,8360,1149591,929239
2021-01-07,ZA,South Africa,441,31809,20999,8977,1170590,938216
2021-01-08,ZA,South Africa,616,32425,21980,9703,1192570,947919
2021-01-09,ZA,South Africa,399,32824,21606,8793,1214176,956712
2021-01-10,ZA,South Africa,339,33163,17421,9656,1231597,966368
2021-01-11,ZA,South Africa,416,33579,15046,6897,1246643,973265
2021-01-12,ZA,South Africa,755,34334,13105,45858,1259748,1019123
2021-01-13,ZA,South Africa,806,35140,18555,11807,1278303,1030930
2021-01-14,ZA,South Africa,712,35852,18503,18810,1296806,1049740
2021-01-15,ZA,South Africa,615,36467,14880,12950,1311686,1062690
2021-01-16,ZA,South Africa,384,36851,13973,21288,1325659,1083978
2021-01-17,ZA,South Africa,254,37105,12267,14463,1337926,1098441
2021-01-18,ZA,South Africa,344,37449,9010,19011,1346936,1117452
2021-01-19,ZA,South Africa,839,38288,9780,27405,1356716,1144857
2021-01-20,ZA,South Africa,566,38854,12710,15555,1369426,1160412
2021-01-21,ZA,South Africa,647,39501,11381,23031,1380807,1183443
2021-01-22,ZA,South Africa,575,40076,11761,17841,1392568,1201284
2021-01-23,ZA,South Africa,498,40574,12271,16208,1404839,1217492
2021-01-24,ZA,South Africa,300,40874,8147,13028,1412986,1230520
2021-01-25,ZA,South Africa,243,41117,4551,10901,1417537,1241421
2021-01-26,ZA,South Africa,680,41797,6041,13253,1423578,1254674
2021-01-27,ZA,South Africa,753,42550,7070,8802,1430648,1263476
2021-01-28,ZA,South Africa,555,43105,7150,8721,1437798,1272197
2021-01-29,ZA,South Africa,528,43633,6141,12584,1443939,1284781
2021-01-30,ZA,South Africa,318,43951,5297,8140,1449236,1292921
2021-01-31,ZA,South Africa,213,44164,4525,6699,1453761,1299620
2021-02-01,ZA,South Africa,235,44399,2548,6402,1456309,1306022
2021-02-02,ZA,South Africa,547,44946,2649,12482,1458958,1318504
2021-02-03,ZA,South Africa,398,45344,4058,5176,1463016,1323680
2021-02-04,ZA,South Africa,261,45605,3751,3506,1466767,1327186
2021-02-05,ZA,South Africa,297,45902,3749,8432,1470516,1335618
2021-02-06,ZA,South Africa,278,46180,3184,4879,1473700,1340497
2021-02-07,ZA,South Africa,110,46290,2435,19707,1476135,1360204
2021-02-08,ZA,South Africa,183,46473,1376,3743,1477511,1363947
2021-02-09,ZA,South Africa,396,46869,1742,3300,1479253,1367247
2021-02-10,ZA,South Africa,276,47145,3159,7121,1482412,1374368
2021-02-11,ZA,South Africa,237,47382,2488,3612,1484900,1377980
2021-02-12,ZA,South Africa,288,47670,2781,5646,1487681,1383626
2021-02-13,ZA,South Africa,151,47821,2382,2370,1490063,1385996
2021-02-14,ZA,South Africa,78,47899,1744,2325,1491807,1388321
2021-02-15,ZA,South Africa,195,48094,1102,2834,1492909,1391155
2021-02-16,ZA,South Africa,219,48313,1210,5796,1494119,1396951
2021-02-17,ZA,South Africa,165,48478,2320,2878,1496439,1399829
2021-02-18,ZA,South Africa,230,48708,2327,3385,1498766,1403214
2021-02-19,ZA,South Africa,151,48859,1911,3693,1500677,1406907
2021-02-20,ZA,South Africa,81,48940,1690,2646,1502367,1409553
2021-02-21,ZA,South Africa,113,49053,1429,2462,1503796,1412015
2021-02-22,ZA,South Africa,97,49150,792,1551,1504588,1413566
2021-02-23,ZA,South Africa,263,49413,998,5893,1505586,1419459
2021-02-24,ZA,South Africa,110,49523,1862,3163,1507448,1422622
2021-02-25,ZA,South Africa,144,49667,1676,1779,1509124,1424401
2021-02-26,ZA,South Africa,117,49784,1654,2016,1510778,1426417
2021-02-27,ZA,South Africa,157,49941,1447,2630,1512225,1429047
2021-02-28,ZA,South Africa,52,49993,1168,1212,1513393,1430259
2021-03-01,ZA,South Africa,84,50077,566,1077,1513959,1431336
2021-03-02,ZA,South Africa,194,50271,856,1984,1514815,1433320
2021-03-03,ZA,South Africa,95,50366,1447,1452,1516262,1434772
2021-03-04,ZA,South Africa,96,50462,1404,1238,1517666,1436010
2021-03-05,ZA,South Africa,104,50566,1313,1040,1518979,1437050
2021-03-06,ZA,South Africa,81,50647,1227,2465,1520206,1439515
2021-03-07,ZA,South Africa,31,50678,862,1359,1521068,1440874
2021-03-08,ZA,South Africa,125,50803,638,1171,1521706,1442045
2021-03-09,ZA,South Africa,103,50906,991,2237,1522697,1444282
2021-03-10,ZA,South Africa,109,51015,1477,1697,1524174,1445979
2021-03-11,ZA,South Africa,95,51110,1474,1524,1525648,1447503
2021-03-12,ZA,South Africa,69,51179,1225,2151,1526873,1449654
2021-03-13,ZA,South Africa,82,51261,1541,3334,1528414,1452988
2021-03-14,ZA,South Africa,65,51326,1006,1302,1529420,1454290
2021-03-15,ZA,South Africa,95,51421,613,1035,1530033,1455325
2021-03-16,ZA,South Africa,139,51560,933,2676,1530966,1458001
2021-03-17,ZA,South Africa,74,51634,1531,1055,1532497,1459056
2021-03-18,ZA,South Africa,90,51724,1464,838,1533961,1459894
2021-03-19,ZA,South Africa,311,52035,1462,1302,1535423,1461196
2021-03-20,ZA,South Africa,47,52082,1378,914,1536801,1462110
2021-03-21,ZA,South Africa,29,52111,1051,979,1537852,1463089
2021-03-22,ZA,South Africa,85,52196,599,864,1538451,1463953
2021-03-23,ZA,South Africa,55,52251,510,1251,1538961,1465204
2021-03-24,ZA,South Africa,121,52372,1048,1391,1540009,1466595
2021-03-25,ZA,South Africa,163,52535,1554,659,1541563,1467254
2021-03-26,ZA,South Africa,67,52602,1516,2311,1543079,1469565
2021-03-27,ZA,South Africa,46,52648,1387,1599,1544466,1471164
2021-03-28,ZA,South Africa,15,52663,965,735,1545431,1471899
2021-03-29,ZA,South Africa,47,52710,548,746,1545979,1472645
2021-03-30,ZA,South Africa,78,52788,756,943,1546735,1473588
2021-03-31,ZA,South Africa,58,52846,1422,731,1548157,1474319
2021-04-01,ZA,South Africa,51,52897,1294,507,1549451,1474826
2021-04-02,ZA,South Africa,49,52946,1273,572,1550724,1475398
2021-04-03,ZA,South Africa,8,52954,777,1207,1551501,1476605
2021-04-04,ZA,South Africa,33,52987,463,758,1551964,1477363
2020-12-01,PT,Portugal,72,4577,2401,7935,300462,220877
2020-12-02,PT,Portugal,68,4645,3384,2569,303846,223446
2020-12-03,PT,Portugal,79,4724,3772,5572,307618,229018
2020-12-04,PT,Portugal,79,4803,4935,5020,312553,234038
2020-12-05,PT,Portugal,73,4876,6087,6165,318640,240203
2020-12-06,PT,Portugal,87,4963,3834,2852,322474,243055
2020-12-07,PT,Portugal,78,5041,2597,2788,325071,245843
2020-12-08,PT,Portugal,81,5122,2905,6585,327976,252428
2020-12-09,PT,Portugal,70,5192,4097,2272,332073,254700
2020-12-10,PT,Portugal,86,5278,3134,4848,335207,259548
2020-12-11,PT,Portugal,95,5373,5080,4100,340287,263648
2020-12-12,PT,Portugal,88,5461,4413,4805,344700,268453
2020-12-13,PT,Portugal,98,5559,4044,2869,348744,271322
2020-12-14,PT,Portugal,90,5649,2194,2955,350938,274277
2020-12-15,PT,Portugal,84,5733,2638,5761,353576,280038
2020-12-16,PT,Portugal,82,5815,4720,3681,358296,283719
2020-12-17,PT,Portugal,87,5902,4320,3309,362616,287028
2020-12-18,PT,Portugal,75,5977,4336,3662,366952,290690
2020-12-19,PT,Portugal,86,6063,3835,4124,370787,294814
2020-12-20,PT,Portugal,71,6134,3334,2419,374121,297233
2020-12-21,PT,Portugal,57,6191,2099,2370,376220,299603
2020-12-22,PT,Portugal,63,6254,2436,5222,378656,304825
2020-12-23,PT,Portugal,89,6343,4602,3621,383258,308446
2020-12-24,PT,Portugal,70,6413,4378,4087,387636,312533
2020-12-25,PT,Portugal,65,6478,4146,2593,391782,315126
2020-12-26,PT,Portugal,78,6556,1214,1545,392996,316671
2020-12-27,PT,Portugal,63,6619,1577,3075,394573,319746
2020-12-28,PT,Portugal,58,6677,2093,1936,396666,321682
2020-12-29,PT,Portugal,74,6751,3336,6112,400002,327794
2020-12-30,PT,Portugal,79,6830,6049,3222,406051,331016
2020-12-31,PT,Portugal,76,6906,7627,3260,413678,334276
2021-01-01,PT,Portugal,66,6972,6951,4392,420629,338668
2021-01-02,PT,Portugal,73,7045,3241,1482,423870,340150
2021-01-03,PT,Portugal,73,7118,3384,2385,427254,342535
2021-01-04,PT,Portugal,78,7196,4369,1884,431623,344419
2021-01-05,PT,Portugal,90,7286,4956,4691,436579,349110
2021-01-06,PT,Portugal,91,7377,10027,3115,446606,352225
2021-01-07,PT,Portugal,95,7472,9927,3476,456533,355701
2021-01-08,PT,Portugal,118,7590,10176,4480,466709,360181
2021-01-09,PT,Portugal,111,7701,9478,5899,476187,366080
2021-01-10,PT,Portugal,102,7803,7502,3028,483689,369108
2021-01-11,PT,Portugal,122,7925,5604,2948,489293,372056
2021-01-12,PT,Portugal,155,8080,7259,6028,496552,378084
2021-01-13,PT,Portugal,156,8236,10556,4460,507108,382544
2021-01-14,PT,Portugal,148,8384,10698,5063,517806,387607
2021-01-15,PT,Portugal,159,8543,10663,6458,528469,394065
2021-01-16,PT,Portugal,166,8709,10947,8477,539416,402542
2021-01-17,PT,Portugal,152,8861,10385,4387,549801,406929
2021-01-18,PT,Portugal,167,9028,6702,4660,556503,411589
2021-01-19,PT,Portugal,218,9246,10455,10282,566958,421871
2021-01-20,PT,Portugal,219,9465,14647,6493,581605,428364
2021-01-21,PT,Portugal,221,9686,13544,5873,595149,434237
2021-01-22,PT,Portugal,234,9920,13987,7319,609136,441556
2021-01-23,PT,Portugal,274,10194,15333,9768,624469,451324
2021-01-24,PT,Portugal,275,10469,11721,5167,636190,456491
2021-01-25,PT,Portugal,252,10721,6923,5266,643113,461757
2021-01-26,PT,Portugal,291,11012,10765,13728,653878,475485
2021-01-27,PT,Portugal,293,11305,15073,9268,668951,484753
2021-01-28,PT,Portugal,303,11608,16432,8946,685383,493699
2021-01-29,PT,Portugal,278,11886,13200,11187,698583,504886
2021-01-30,PT,Portugal,293,12179,12435,14014,711018,518900
2021-01-31,PT,Portugal,303,12482,9498,7511,720516,526411
2021-02-01,PT,Portugal,275,12757,5805,7973,726321,534384
2021-02-02,PT,Portugal,260,13017,5540,17572,731861,551956
2021-02-03,PT,Portugal,240,13257,9083,11218,740944,563174
2021-02-04,PT,Portugal,225,13482,7914,10760,748858,573934
2021-02-05,PT,Portugal,258,13740,6916,11342,755774,585276
2021-02-06,PT,Portugal,214,13954,6132,14317,761906,599593
2021-02-07,PT,Portugal,204,14158,3508,6573,765414,606166
2021-02-08,PT,Portugal,196,14354,2505,6755,767919,612921
2021-02-09,PT,Portugal,203,14557,2583,15157,770502,628078
2021-02-10,PT,Portugal,161,14718,4387,8781,774889,636859
2021-02-11,PT,Portugal,167,14885,3480,8263,778369,645122
2021-02-12,PT,Portugal,149,15034,2854,7617,781223,652739
2021-02-13,PT,Portugal,149,15183,2856,8786,784079,661525
2021-02-14,PT,Portugal,138,15321,1677,3791,785756,665316
2021-02-15,PT,Portugal,90,15411,1303,3538,787059,668854
2021-02-16,PT,Portugal,111,15522,1502,8865,788561,677719
2021-02-17,PT,Portugal,127,15649,2324,5342,790885,683061
2021-02-18,PT,Portugal,105,15754,1944,4401,792829,687462
2021-02-19,PT,Portugal,67,15821,1940,4404,794769,691866
2021-02-20,PT,Portugal,76,15897,1570,5050,796339,696916
2021-02-21,PT,Portugal,65,15962,1186,2306,797525,699222
2021-02-22,PT,Portugal,61,16023,549,2187,798074,701409
2021-02-23,PT,Portugal,63,16086,1032,4567,799106,705976
2021-02-24,PT,Portugal,50,16136,1480,3078,800586,709054
2021-02-25,PT,Portugal,49,16185,1160,2659,801746,711713
2021-02-26,PT,Portugal,58,16243,1027,2780,802773,714493
2021-02-27,PT,Portugal,33,16276,1071,2820,803844,717313
2021-02-28,PT,Portugal,41,16317,718,1664,804562,718977
2021-03-01,PT,Portugal,34,16351,394,1258,804956,720235
2021-03-02,PT,Portugal,38,16389,691,3230,805647,723465
2021-03-03,PT,Portugal,41,16430,979,1934,806626,725399
2021-03-04,PT,Portugal,28,16458,830,1654,807456,727053
2021-03-05,PT,Portugal,28,16486,949,1606,808405,728659
2021-03-06,PT,Portugal,26,16512,1007,1942,809412,730601
2021-03-07,PT,Portugal,28,16540,682,966,810094,731567
2021-03-08,PT,Portugal,25,16565,365,779,810459,732346
2021-03-09,PT,Portugal,30,16595,847,1872,811306,734218
2021-03-10,PT,Portugal,22,16617,642,3961,811948,738179
2021-03-11,PT,Portugal,18,16635,627,6017,812575,744196
2021-03-12,PT,Portugal,15,16650,577,5574,813152,749770
2021-03-13,PT,Portugal,19,16669,564,6489,813716,756259
2021-03-14,PT,Portugal,15,16684,541,3158,814257,759417
2021-03-15,PT,Portugal,10,16694,256,2371,814513,761788
2021-03-16,PT,Portugal,13,16707,384,1173,814897,762961
2021-03-17,PT,Portugal,15,16722,673,1058,815570,764019
2021-03-18,PT,Portugal,21,16743,485,580,816055,764599
2021-03-19,PT,Portugal,11,16754,568,1571,816623,766170
2021-03-20,PT,Portugal,8,16762,457,754,817080,766924
2021-03-21,PT,Portugal,6,16768,450,395,817530,767319
2021-03-22,PT,Portugal,16,16784,248,555,817778,767874
2021-03-23,PT,Portugal,10,16794,434,1212,818212,769086
2021-03-24,PT,Portugal,11,16805,575,752,818787,769838
2021-03-25,PT,Portugal,9,16814,423,610,819210,770448
2021-03-26,PT,Portugal,5,16819,488,891,819698,771339
2021-03-27,PT,Portugal,8,16827,344,3668,820042,775007
2021-03-28,PT,Portugal,10,16837,365,384,820407,775391
2021-03-29,PT,Portugal,6,16843,309,458,820716,775849
2021-03-30,PT,Portugal,2,16845,388,1654,821104,777503
2021-03-31,PT,Portugal,3,16848,618,707,821722,778210
2021-04-01,PT,Portugal,11,16859,592,702,822314,778912
2021-04-02,PT,Portugal,9,16868,548,743,822862,779655
2021-04-03,PT,Portugal,7,16875,280,318,823142,779973
2021-04-04,PT,Portugal,4,16879,193,349,823335,780322
2020-12-01,US,United States,0,25,1,1,2060,1963
2020-12-02,US,United States,0,25,9,11,2069,1974
2020-12-03,US,United States,0,25,0,9,2069,1983
2020-12-04,US,United States,0,25,9,11,2078,1994
2020-12-05,US,United States,0,25,0,3,2078,1997
2020-12-06,US,United States,0,25,1,1,2079,1998
2020-12-07,US,United States,0,25,6,8,2085,2006
2020-12-08,US,United States,0,25,3,2,2088,2008
2020-12-09,US,United States,0,25,0,0,2088,2008
2020-12-10,US,United States,0,25,4,2,2092,2010
2020-12-11,US,United States,0,25,0,0,2092,2010
2020-12-12,US,United States,0,25,4,5,2096,2015
2020-12-13,US,United States,0,25,0,0,2096,2015
2020-12-14,US,United States,0,25,0,0,2096,2015
2020-12-15,US,United States,0,25,4,17,2100,2032
2020-12-16,US,United States,0,25,0,0,2100,2032
2020-12-17,US,United States,0,25,10,2,2110,2034
2020-12-18,US,United States,0,25,0,0,2110,2034
2020-12-19,US,United States,0,25,6,2,2116,2036
2020-12-20,US,United States,0,25,5,1,2121,2037
2020-12-21,US,United States,0,25,0,0,2121,2037
2020-12-22,US,United States,0,25,7,17,2128,2054
2020-12-23,US,United States,0,25,0,0,2128,2054
2020-12-24,US,United States,0,25,0,0,2128,2054
2020-12-25,US,United States,0,25,0,0,2128,2054
2020-12-26,US,United States,0,25,16,15,2144,2069
2020-12-27,US,United States,0,25,0,0,2144,2069
2020-12-28,US,United States,0,25,7,8,2151,2077
2020-12-29,US,United States,0,25,0,0,2151,2077
2020-12-30,US,United States,0,25,11,5,2162,2082
2020-12-31,US,United States,0,25,0,0,2162,2082
2021-01-01,US,United States,0,25,0,0,2162,2082
2021-01-02,US,United States,0,25,19,2,2181,2084
2021-01-03,US,United States,0,25,0,0,2181,2084
2021-01-04,US,United States,0,25,5,16,2186,2100
2021-01-05,US,United States,0,25,0,0,2186,2100
2021-01-06,US,United States,0,25,2,1,2188,2101
2021-01-07,US,United States,0,25,0,0,2188,2101
2021-01-08,US,United States,0,25,0,0,2188,2101
2021-01-09,US,United States,0,25,31,18,2219,2119
2021-01-10,US,United States,0,25,3,1,2222,2120
2021-01-11,US,United States,0,25,0,0,2222,2120
2021-01-12,US,United States,0,25,6,21,2228,2141
2021-01-13,US,United States,0,25,0,0,2228,2141
2021-01-14,US,United States,0,25,18,4,2246,2145
2021-01-15,US,United States,0,25,0,0,2246,2145
2021-01-16,US,United States,0,25,10,4,2256,2149
2021-01-17,US,United States,0,25,6,3,2262,2152
2021-01-18,US,United States,0,25,0,0,2262,2152
2021-01-19,US,United States,0,25,5,14,2267,2166
2021-01-20,US,United States,0,25,0,0,2267,2166
2021-01-21,US,United States,0,25,9,12,2276,2178
2021-01-22,US,United States,0,25,0,0,2276,2178
2021-01-23,US,United States,0,25,7,1,2283,2179
2021-01-24,US,United States,0,25,5,20,2288,2199
2021-01-25,US,United States,0,25,2,1,2290,2200
2021-01-26,US,United States,0,25,5,1,2295,2201
2021-01-27,US,United States,0,25,4,4,2299,2205
2021-01-28,US,United States,0,25,6,3,2305,2208
2021-01-29,US,United States,0,25,0,0,2303,2207
2021-01-30,US,United States,0,25,1,1,2304,2208
2021-01-31,US,United States,0,25,0,0,2304,2208
2021-02-01,US,United States,0,25,3,2,2307,2210
2021-02-02,US,United States,0,25,1,12,2308,2222
2021-02-03,US,United States,0,25,5,6,2313,2228
2021-02-04,US,United States,0,25,2,0,2315,2228
2021-02-05,US,United States,0,25,0,0,2315,2228
2021-02-06,US,United States,0,25,5,1,2320,2229
2021-02-07,US,United States,0,25,0,0,2320,2229
2021-02-08,US,United States,0,25,2,1,2322,2230
2021-02-09,US,United States,0,25,2,10,2324,2240
2021-02-10,US,United States,0,25,0,5,2324,2245
2021-02-11,US,United States,0,25,2,12,2326,2257
2021-02-12,US,United States,0,25,2,1,2328,2258
2021-02-13,US,United States,0,25,2,0,2330,2258
2021-02-14,US,United States,0,25,6,6,2336,2264
2021-02-15,US,United States,1,26,1,1,2337,2265
2021-02-16,US,United States,0,26,3,0,2340,2265
2021-02-17,US,United States,0,26,4,7,2344,2272
2021-02-18,US,United States,0,26,4,0,2348,2272
2021-02-19,US,United States,0,26,2,1,2350,2273
2021-02-20,US,United States,0,26,0,0,2350,2273
2021-02-21,US,United States,0,26,7,4,2357,2277
2021-02-22,US,United States,0,26,6,0,2363,2277
2021-02-23,US,United States,0,26,2,0,2365,2277
2021-02-24,US,United States,0,26,3,0,2368,2277
2021-02-25,US,United States,0,26,3,1,2371,2278
2021-02-26,US,United States,0,26,1,2,2372,2280
2021-02-27,US,United States,0,26,4,5,2376,2285
2021-02-28,US,United States,0,26,2,0,2378,2285
2021-03-01,US,United States,0,26,4,2,2382,2287
2021-03-02,US,United States,0,26,2,9,2384,2296
2021-03-03,US,United States,0,26,5,0,2389,2295
2021-03-04,US,United States,0,26,0,0,2389,2295
2021-03-05,US,United States,0,26,9,6,2398,2301
2021-03-06,US,United States,0,26,1,0,2399,2301
2021-03-07,US,United States,0,26,6,0,2405,2301
2021-03-08,US,United States,0,26,4,3,2409,2304
2021-03-09,US,United States,0,26,1,0,2410,2304
2021-03-10,US,United States,0,26,6,1,2416,2305
2021-03-11,US,United States,0,26,1,0,2417,2305
2021-03-12,US,United States,0,26,5,3,2422,2308
2021-03-13,US,United States,0,26,1,2,2423,2310
2021-03-14,US,United States,0,26,7,1,2430,2311
2021-03-15,US,United States,0,26,2,0,2432,2311
2021-03-16,US,United States,0,26,2,0,2434,2311
2021-03-17,US,United States,0,26,0,0,2434,2311
2021-03-18,US,United States,0,26,10,52,2444,2363
2021-03-19,US,United States,0,26,0,0,2444,2363
2021-03-20,US,United States,0,26,9,6,2453,2369
2021-03-21,US,United States,0,26,9,4,2462,2373
2021-03-22,US,United States,0,26,0,0,2462,2373
2021-03-23,US,United States,0,26,8,4,2470,2377
2021-03-24,US,United States,0,26,6,2,2476,2379
2021-03-25,US,United States,0,26,3,0,2479,2379
2021-03-26,US,United States,0,26,2,2,2481,2381
2021-03-27,US,United States,0,26,1,0,2482,2381
2021-03-28,US,United States,0,26,11,0,2493,2381
2021-03-29,US,United States,0,26,2,8,2495,2389
2021-03-30,US,United States,0,26,2,10,2497,2399
2021-03-31,US,United States,0,26,4,9,2501,2408
2021-04-01,US,United States,0,26,0,0,2501,2408
2021-04-02,US,United States,0,26,0,0,2501,2408
2021-04-03,US,United States,0,26,0,0,2501,2408
2021-04-04,US,United States,0,26,6,12,2507,2420
2020-12-01,NO,Norway,2,334,441,0,36591,17998
2020-12-02,NO,Norway,17,351,378,0,36969,17998
2020-12-03,NO,Norway,2,353,402,0,37371,17998
2020-12-04,NO,Norway,1,354,430,0,37801,17998
2020-12-05,NO,Norway,0,354,272,0,38073,17998
2020-12-06,NO,Norway,0,354,250,0,38323,17998
2020-12-07,NO,Norway,5,359,380,0,38703,17998
2020-12-08,NO,Norway,2,361,460,0,39163,17998
2020-12-09,NO,Norway,0,361,362,0,39525,17998
2020-12-10,NO,Norway,21,382,498,0,40023,17998
2020-12-11,NO,Norway,5,387,416,0,40439,17998
2020-12-12,NO,Norway,0,387,364,0,40803,17998
2020-12-13,NO,Norway,0,387,200,0,41003,17998
2020-12-14,NO,Norway,6,393,331,0,41334,17998
2020-12-15,NO,Norway,2,395,518,0,41852,17998
2020-12-16,NO,Norway,7,402,460,0,42312,17998
2020-12-17,NO,Norway,2,404,464,0,42776,17998
2020-12-18,NO,Norway,0,404,431,0,43207,17998
2020-12-19,NO,Norway,0,404,375,0,43582,17998
2020-12-20,NO,Norway,0,404,323,0,43905,17998
2020-12-21,NO,Norway,1,405,431,0,44336,17998
2020-12-22,NO,Norway,0,405,596,0,44932,17998
2020-12-23,NO,Norway,16,421,523,0,45455,17998
2020-12-24,NO,Norway,0,421,476,0,45931,17998
2020-12-25,NO,Norway,0,421,317,0,46248,17998
2020-12-26,NO,Norway,0,421,430,0,46678,17998
2020-12-27,NO,Norway,0,421,381,0,47059,17998
2020-12-28,NO,Norway,8,429,526,0,47585,17998
2020-12-29,NO,Norway,4,433,693,0,48278,17998
2020-12-30,NO,Norway,3,436,732,0,49010,17998
2020-12-31,NO,Norway,0,436,557,0,49567,17998
2021-01-01,NO,Norway,0,436,236,0,49803,17998
2021-01-02,NO,Norway,0,436,463,0,50266,17998
2021-01-03,NO,Norway,0,436,450,0,50716,17998
2021-01-04,NO,Norway,13,449,529,0,51245,17998
2021-01-05,NO,Norway,3,452,935,0,52180,17998
2021-01-06,NO,Norway,13,465,787,0,52967,17998
2021-01-07,NO,Norway,2,467,825,0,53792,17998
2021-01-08,NO,Norway,5,472,684,0,54476,17998
2021-01-09,NO,Norway,0,472,443,0,54919,17998
2021-01-10,NO,Norway,0,472,555,0,55474,17998
2021-01-11,NO,Norway,6,478,429,0,55903,17998
2021-01-12,NO,Norway,4,482,712,0,56615,17998
2021-01-13,NO,Norway,27,509,667,0,57282,17998
2021-01-14,NO,Norway,2,511,454,0,57736,17998
2021-01-15,NO,Norway,6,517,466,0,58202,17998
2021-01-16,NO,Norway,0,517,243,0,58445,17998
2021-01-17,NO,Norway,0,517,206,0,58651,17998
2021-01-18,NO,Norway,4,521,383,0,59034,17998
2021-01-19,NO,Norway,4,525,422,0,59456,17998
2021-01-20,NO,Norway,18,543,431,0,59887,17998
2021-01-21,NO,Norway,1,544,372,0,60259,17998
2021-01-22,NO,Norway,0,544,306,0,60565,17998
2021-01-23,NO,Norway,0,544,238,0,60803,17998
2021-01-24,NO,Norway,0,544,279,0,61082,17998
2021-01-25,NO,Norway,4,548,233,0,61315,17998
2021-01-26,NO,Norway,2,550,279,0,61594,17998
2021-01-27,NO,Norway,6,556,367,0,61961,17998
2021-01-28,NO,Norway,1,557,315,0,62276,17998
2021-01-29,NO,Norway,7,564,299,0,62575,17998
2021-01-30,NO,Norway,0,564,218,0,62793,17998
2021-01-31,NO,Norway,0,564,173,0,62966,17998
2021-02-01,NO,Norway,3,567,296,0,63262,17998
2021-02-02,NO,Norway,1,568,291,0,63553,17998
2021-02-03,NO,Norway,6,574,286,0,63839,17998
2021-02-04,NO,Norway,8,582,373,0,64212,17998
2021-02-05,NO,Norway,0,582,271,0,64483,17998
2021-02-06,NO,Norway,0,582,170,0,64653,17998
2021-02-07,NO,Norway,0,582,119,0,64772,17998
2021-02-08,NO,Norway,0,582,346,0,65118,17998
2021-02-09,NO,Norway,1,583,220,0,65338,17998
2021-02-10,NO,Norway,9,592,209,0,65547,17998
2021-02-11,NO,Norway,0,592,264,0,65811,17998
2021-02-12,NO,Norway,0,592,425,0,66236,17998
2021-02-13,NO,Norway,0,592,156,0,66392,17998
2021-02-14,NO,Norway,0,592,109,0,66501,17998
2021-02-15,NO,Norway,1,593,353,0,66854,17998
2021-02-16,NO,Norway,0,593,286,0,67140,17998
2021-02-17,NO,Norway,14,607,358,0,67498,17998
2021-02-18,NO,Norway,0,607,326,0,67824,17998
2021-02-19,NO,Norway,0,607,283,0,68107,17998
2021-02-20,NO,Norway,0,607,208,0,68315,17998
2021-02-21,NO,Norway,0,607,217,0,68532,17998
2021-02-22,NO,Norway,1,608,226,0,68758,17998
2021-02-23,NO,Norway,0,608,390,0,69148,17998
2021-02-24,NO,Norway,12,620,341,0,69489,17998
2021-02-25,NO,Norway,0,620,551,0,70040,17998
2021-02-26,NO,Norway,2,622,524,0,70564,17998
2021-02-27,NO,Norway,0,622,262,0,70826,17998
2021-02-28,NO,Norway,0,622,180,0,71006,17998
2021-03-01,NO,Norway,1,623,729,0,71735,17998
2021-03-02,NO,Norway,0,623,499,0,72234,17998
2021-03-03,NO,Norway,9,632,689,0,72923,17998
2021-03-04,NO,Norway,0,632,570,0,73493,17998
2021-03-05,NO,Norway,0,632,690,0,74183,17998
2021-03-06,NO,Norway,0,632,363,0,74546,17998
2021-03-07,NO,Norway,0,632,396,0,74942,17998
2021-03-08,NO,Norway,0,632,828,0,75770,17998
2021-03-09,NO,Norway,0,632,714,0,76484,17998
2021-03-10,NO,Norway,0,632,685,0,77169,17998
2021-03-11,NO,Norway,7,639,872,0,78041,17998
2021-03-12,NO,Norway,0,639,905,0,78946,17998
2021-03-13,NO,Norway,0,639,854,0,79800,17998
2021-03-14,NO,Norway,0,639,640,0,80440,17998
2021-03-15,NO,Norway,1,640,865,0,81305,17998
2021-03-16,NO,Norway,1,641,1150,0,82455,17998
2021-03-17,NO,Norway,7,648,1064,0,83519,17998
2021-03-18,NO,Norway,0,648,1034,0,84553,17998
2021-03-19,NO,Norway,0,648,989,0,85542,17998
2021-03-20,NO,Norway,0,648,820,0,86362,17998
2021-03-21,NO,Norway,0,648,577,0,86939,17998
2021-03-22,NO,Norway,1,649,1096,0,88035,17998
2021-03-23,NO,Norway,0,649,1085,0,89120,17998
2021-03-24,NO,Norway,7,656,984,0,90104,17998
2021-03-25,NO,Norway,0,656,831,0,90935,17998
2021-03-26,NO,Norway,0,656,1072,0,92007,17998
2021-03-27,NO,Norway,0,656,462,0,92469,17998
2021-03-28,NO,Norway,0,656,681,0,93150,17998
2021-03-29,NO,Norway,4,660,989,0,94139,17998
2021-03-30,NO,Norway,1,661,1069,0,95208,17998
2021-03-31,NO,Norway,12,673,871,0,96079,17998
2021-04-01,NO,Norway,0,673,691,0,96770,17998
2021-04-02,NO,Norway,0,673,640,0,97410,17998
2021-04-03,NO,Norway,0,673,692,0,98102,17998
2021-04-04,NO,Norway,0,673,574,0,98676,17998
2020-12-01,ID,Indonesia,136,17081,5092,4361,543975,454879
2020-12-02,ID,Indonesia,118,17199,5533,4001,549508,458880
2020-12-03,ID,Indonesia,156,17355,8369,3673,557877,462553
2020-12-04,ID,Indonesia,124,17479,5803,3625,563680,466178
2020-12-05,ID,Indonesia,110,17589,6027,4271,569707,470449
2020-12-06,ID,Indonesia,151,17740,6089,4322,575796,474771
2020-12-07,ID,Indonesia,127,17867,5754,4431,581550,479202
2020-12-08,ID,Indonesia,133,18000,5292,4295,586842,483497
2020-12-09,ID,Indonesia,171,18171,6058,3948,592900,487445
2020-12-10,ID,Indonesia,165,18336,6033,4530,598933,491975
2020-12-11,ID,Indonesia,175,18511,6310,4911,605243,496886
2020-12-12,ID,Indonesia,142,18653,6388,4490,611631,501376
2020-12-13,ID,Indonesia,166,18819,6189,4460,617820,505836
2020-12-14,ID,Indonesia,137,18956,5489,5121,623309,510957
2020-12-15,ID,Indonesia,155,19111,6120,5699,629429,516656
2020-12-16,ID,Indonesia,137,19248,6725,5328,636154,521984
2020-12-17,ID,Indonesia,142,19390,7354,4995,643508,526979
2020-12-18,ID,Indonesia,124,19514,6689,5016,650197,531995
2020-12-19,ID,Indonesia,145,19659,7751,4265,657948,536260
2020-12-20,ID,Indonesia,221,19880,6982,5551,664930,541811
2020-12-21,ID,Indonesia,205,20085,6848,5073,671778,546884
2020-12-22,ID,Indonesia,172,20257,6347,5838,678125,552722
2020-12-23,ID,Indonesia,151,20408,7514,5981,685639,558703
2020-12-24,ID,Indonesia,181,20589,7199,5277,692838,563980
2020-12-25,ID,Indonesia,258,20847,7259,6324,700097,570304
2020-12-26,ID,Indonesia,147,20994,6740,6389,706837,576693
2020-12-27,ID,Indonesia,243,21237,6528,6983,713365,583676
2020-12-28,ID,Indonesia,215,21452,5854,6302,719219,589978
2020-12-29,ID,Indonesia,251,21703,7903,6805,727122,596783
2020-12-30,ID,Indonesia,241,21944,8002,6958,735124,603741
2020-12-31,ID,Indonesia,194,22138,8074,7356,743198,611097
2021-01-01,ID,Indonesia,191,22329,8072,6839,751270,617936
2021-01-02,ID,Indonesia,226,22555,7203,7582,758473,625518
2021-01-03,ID,Indonesia,179,22734,6877,6419,765350,631937
2021-01-04,ID,Indonesia,177,22911,6753,7166,772103,639103
2021-01-05,ID,Indonesia,198,23109,7445,6643,779548,645746
2021-01-06,ID,Indonesia,187,23296,8854,6767,788402,652513
2021-01-07,ID,Indonesia,224,23520,9321,6924,797723,659437
2021-01-08,ID,Indonesia,233,23753,10617,7446,808340,666883
2021-01-09,ID,Indonesia,194,23947,10046,6628,818386,673511
2021-01-10,ID,Indonesia,182,24129,9640,7513,828026,681024
2021-01-11,ID,Indonesia,214,24343,8692,7715,836718,688739
2021-01-12,ID,Indonesia,302,24645,10047,7068,846765,695807
2021-01-13,ID,Indonesia,306,24951,11278,7657,858043,703464
2021-01-14,ID,Indonesia,295,25246,11557,7741,869600,711205
2021-01-15,ID,Indonesia,238,25484,12818,7491,882418,718696
2021-01-16,ID,Indonesia,283,25767,14224,8662,896642,727358
2021-01-17,ID,Indonesia,220,25987,11287,9102,907929,736460
2021-01-18,ID,Indonesia,295,26282,9086,9475,917015,745935
2021-01-19,ID,Indonesia,308,26590,10365,8013,927380,753948
2021-01-20,ID,Indonesia,267,26857,12568,9755,939948,763703
2021-01-21,ID,Indonesia,346,27203,11703,9087,951651,772790
2021-01-22,ID,Indonesia,250,27453,13632,8357,965283,781147
2021-01-23,ID,Indonesia,211,27664,12191,9912,977474,791059
2021-01-24,ID,Indonesia,171,27835,11788,7751,989262,798810
2021-01-25,ID,Indonesia,297,28132,9994,10678,999256,809488
2021-01-26,ID,Indonesia,336,28468,13094,10868,1012350,820356
2021-01-27,ID,Indonesia,387,28855,11948,10974,1024298,831330
2021-01-28,ID,Indonesia,476,29331,13695,10792,1037993,842122
2021-01-29,ID,Indonesia,187,29518,13802,10138,1051795,852260
2021-01-30,ID,Indonesia,210,29728,14518,10242,1066313,862502
2021-01-31,ID,Indonesia,270,29998,12001,10719,1078314,873221
2021-02-01,ID,Indonesia,279,30277,10994,10461,1089308,883682
2021-02-02,ID,Indonesia,304,30581,10379,12848,1099687,896530
2021-02-03,ID,Indonesia,189,30770,11984,9135,1111671,905665
2021-02-04,ID,Indonesia,231,31001,11434,11641,1123105,917306
2021-02-05,ID,Indonesia,201,31202,11749,9674,1134854,926980
2021-02-06,ID,Indonesia,191,31393,12156,12204,1147010,939184
2021-02-07,ID,Indonesia,163,31556,10827,10806,1157837,949990
2021-02-08,ID,Indonesia,207,31763,8242,13038,1166079,963028
2021-02-09,ID,Indonesia,213,31976,8700,10424,1174779,973452
2021-02-10,ID,Indonesia,191,32167,8776,9520,1183555,982972
2021-02-11,ID,Indonesia,214,32381,8435,10145,1191990,993117
2021-02-12,ID,Indonesia,275,32656,9869,11000,1201859,1004117
2021-02-13,ID,Indonesia,280,32936,8844,11919,1210703,1016036
2021-02-14,ID,Indonesia,247,33183,6765,9237,1217468,1025273
2021-02-15,ID,Indonesia,184,33367,6462,6792,1223930,1032065
2021-02-16,ID,Indonesia,229,33596,10029,7609,1233959,1039674
2021-02-17,ID,Indonesia,192,33788,9687,8002,1243646,1047676
2021-02-18,ID,Indonesia,181,33969,9039,10546,1252685,1058222
2021-02-19,ID,Indonesia,183,34152,10614,10783,1263299,1069005
2021-02-20,ID,Indonesia,164,34316,8054,9835,1271353,1078840
2021-02-21,ID,Indonesia,173,34489,7300,8236,1278653,1087076
2021-02-22,ID,Indonesia,202,34691,10180,9918,1288833,1096994
2021-02-23,ID,Indonesia,323,35014,9775,7996,1298608,1104990
2021-02-24,ID,Indonesia,240,35254,7533,7735,1306141,1112725
2021-02-25,ID,Indonesia,264,35518,8493,8686,1314634,1121411
2021-02-26,ID,Indonesia,268,35786,8232,7261,1322866,1128672
2021-02-27,ID,Indonesia,195,35981,6208,7382,1329074,1136054
2021-02-28,ID,Indonesia,185,36166,5560,6649,1334634,1142703
2021-03-01,ID,Indonesia,159,36325,6680,9212,1341314,1151915
2021-03-02,ID,Indonesia,193,36518,5712,8948,1347026,1160863
2021-03-03,ID,Indonesia,203,36721,6808,9053,1353834,1169916
2021-03-04,ID,Indonesia,176,36897,7264,6440,1361098,1176356
2021-03-05,ID,Indonesia,129,37026,6971,6331,1368069,1182687
2021-03-06,ID,Indonesia,128,37154,5767,6823,1373836,1189510
2021-03-07,ID,Indonesia,112,37266,5826,5146,1379662,1194656
2021-03-08,ID,Indonesia,281,37547,6894,8725,1386556,1203381
2021-03-09,ID,Indonesia,210,37757,6389,7496,1392945,1210877
2021-03-10,ID,Indonesia,175,37932,5633,5556,1398578,1216433
2021-03-11,ID,Indonesia,117,38049,5144,8170,1403722,1224603
2021-03-12,ID,Indonesia,180,38229,6412,6851,1410134,1231454
2021-03-13,ID,Indonesia,100,38329,4607,6016,1414741,1237470
2021-03-14,ID,Indonesia,97,38426,4714,5647,1419455,1243117
2021-03-15,ID,Indonesia,147,38573,5589,6830,1425044,1249947
2021-03-16,ID,Indonesia,180,38753,5414,7716,1430458,1257663
2021-03-17,ID,Indonesia,162,38915,6825,9010,1437283,1266673
2021-03-18,ID,Indonesia,227,39142,6570,6285,1443853,1272958
2021-03-19,ID,Indonesia,197,39339,6279,6007,1450132,1278965
2021-03-20,ID,Indonesia,108,39447,5656,5760,1455788,1284725
2021-03-21,ID,Indonesia,103,39550,4396,6065,1460184,1290790
2021-03-22,ID,Indonesia,161,39711,5744,7177,1465928,1297967
2021-03-23,ID,Indonesia,154,39865,5297,6954,1471225,1304921
2021-03-24,ID,Indonesia,118,39983,5227,7622,1476452,1312543
2021-03-25,ID,Indonesia,98,40081,6107,4656,1482559,1317199
2021-03-26,ID,Indonesia,85,40166,4982,5679,1487541,1322878
2021-03-27,ID,Indonesia,198,40364,4461,4243,1492002,1327121
2021-03-28,ID,Indonesia,85,40449,4083,4279,1496085,1331400
2021-03-29,ID,Indonesia,132,40581,5008,5418,1501093,1336818
2021-03-30,ID,Indonesia,173,40754,4682,5877,1505775,1342695
2021-03-31,ID,Indonesia,104,40858,5937,5635,1511712,1348330
2021-04-01,ID,Indonesia,196,41054,6142,7248,1517854,1355578
2021-04-02,ID,Indonesia,97,41151,5325,5439,1523179,1361017
2021-04-03,ID,Indonesia,91,41242,4345,5197,1527524,1366214
2021-04-04,ID,Indonesia,427,41669,6731,9663,1534255,1375877
2020-12-01,RW,Rwanda,0,49,14,28,5948,5544
2020-12-02,RW,Rwanda,1,50,46,31,5994,5575
2020-12-03,RW,Rwanda,0,50,17,21,6011,5596
2020-12-04,RW,Rwanda,1,51,32,76,6043,5672
2020-12-05,RW,Rwanda,0,51,41,24,6084,5696
2020-12-06,RW,Rwanda,0,51,45,0,6129,5696
2020-12-07,RW,Rwanda,0,51,62,0,6191,5696
2020-12-08,RW,Rwanda,0,51,46,19,6237,5715
2020-12-09,RW,Rwanda,2,53,41,0,6278,5715
2020-12-10,RW,Rwanda,0,53,71,74,6349,5789
2020-12-11,RW,Rwanda,1,54,79,37,6428,5826
2020-12-12,RW,Rwanda,2,56,100,66,6528,5892
2020-12-13,RW,Rwanda,0,56,131,63,6659,5955
2020-12-14,RW,Rwanda,0,56,88,41,6747,5996
2020-12-15,RW,Rwanda,1,57,85,40,6832,6036
2020-12-16,RW,Rwanda,0,57,122,21,6954,6057
2020-12-17,RW,Rwanda,0,57,78,32,7032,6089
2020-12-18,RW,Rwanda,0,57,73,0,7105,6089
2020-12-19,RW,Rwanda,2,59,127,0,7232,6089
2020-12-20,RW,Rwanda,4,63,61,2,7293,6091
2020-12-21,RW,Rwanda,2,65,109,9,7402,6100
2020-12-22,RW,Rwanda,1,66,109,63,7511,6163
2020-12-23,RW,Rwanda,0,66,87,0,7598,6163
2020-12-24,RW,Rwanda,3,69,72,40,7670,6203
2020-12-25,RW,Rwanda,0,69,73,0,7743,6203
2020-12-26,RW,Rwanda,3,72,74,24,7817,6227
2020-12-27,RW,Rwanda,2,74,153,62,7970,6289
2020-12-28,RW,Rwanda,1,75,51,50,8021,6339
2020-12-29,RW,Rwanda,4,79,107,0,8128,6339
2020-12-30,RW,Rwanda,7,86,122,30,8250,6369
2020-12-31,RW,Rwanda,6,92,133,173,8383,6542
2021-01-01,RW,Rwanda,2,94,77,56,8460,6598
2021-01-02,RW,Rwanda,4,98,107,87,8567,6685
2021-01-03,RW,Rwanda,3,101,109,67,8676,6752
2021-01-04,RW,Rwanda,4,105,172,64,8848,6816
2021-01-05,RW,Rwanda,5,110,107,62,8955,6878
2021-01-06,RW,Rwanda,2,112,103,62,9058,6940
2021-01-07,RW,Rwanda,1,113,167,0,9225,6940
2021-01-08,RW,Rwanda,2,115,143,0,9368,6940
2021-01-09,RW,Rwanda,3,118,93,16,9461,6956
2021-01-10,RW,Rwanda,2,120,169,18,9630,6974
2021-01-11,RW,Rwanda,4,124,154,0,9784,6974
2021-01-12,RW,Rwanda,1,125,166,0,9950,6974
2021-01-13,RW,Rwanda,3,128,172,0,10122,6974
2021-01-14,RW,Rwanda,5,133,194,0,10316,6974
2021-01-15,RW,Rwanda,5,138,257,54,10573,7028
2021-01-16,RW,Rwanda,2,140,277,165,10850,7193
2021-01-17,RW,Rwanda,2,142,182,170,11032,7363
2021-01-18,RW,Rwanda,4,146,227,49,11259,7412
2021-01-19,RW,Rwanda,2,148,289,168,11548,7580
2021-01-20,RW,Rwanda,5,153,312,232,11860,7812
2021-01-21,RW,Rwanda,9,162,310,161,12170,7973
2021-01-22,RW,Rwanda,3,165,273,211,12443,8184
2021-01-23,RW,Rwanda,7,172,204,135,12647,8319
2021-01-24,RW,Rwanda,2,174,328,101,12975,8420
2021-01-25,RW,Rwanda,3,177,336,261,13311,8681
2021-01-26,RW,Rwanda,4,181,574,180,13885,8861
2021-01-27,RW,Rwanda,2,183,281,181,14166,9042
2021-01-28,RW,Rwanda,3,186,363,192,14529,9234
2021-01-29,RW,Rwanda,2,188,255,285,14784,9519
2021-01-30,RW,Rwanda,5,193,334,285,15118,9804
2021-01-31,RW,Rwanda,3,196,186,283,15304,10087
2021-02-01,RW,Rwanda,2,198,155,185,15459,10272
2021-02-02,RW,Rwanda,7,205,229,473,15688,10745
2021-02-03,RW,Rwanda,3,208,146,218,15834,10963
2021-02-04,RW,Rwanda,2,210,154,389,15988,11352
2021-02-05,RW,Rwanda,3,213,198,265,16186,11617
2021-02-06,RW,Rwanda,4,217,151,430,16337,12047
2021-02-07,RW,Rwanda,3,220,114,295,16451,12342
2021-02-08,RW,Rwanda,3,223,170,287,16621,12629
2021-02-09,RW,Rwanda,3,226,190,359,16811,12988
2021-02-10,RW,Rwanda,3,229,130,401,16941,13389
2021-02-11,RW,Rwanda,2,231,127,289,17068,13678
2021-02-12,RW,Rwanda,5,236,132,259,17200,13937
2021-02-13,RW,Rwanda,0,236,67,540,17267,14477
2021-02-14,RW,Rwanda,3,239,76,315,17343,14792
2021-02-15,RW,Rwanda,0,239,141,333,17484,15125
2021-02-16,RW,Rwanda,1,240,110,350,17594,15475
2021-02-17,RW,Rwanda,3,243,122,443,17716,15918
2021-02-18,RW,Rwanda,0,243,119,245,17835,16163
2021-02-19,RW,Rwanda,2,245,94,224,17929,16387
2021-02-20,RW,Rwanda,2,247,59,210,17988,16597
2021-02-21,RW,Rwanda,2,249,65,206,18053,16803
2021-02-22,RW,Rwanda,3,252,146,189,18199,16992
2021-02-23,RW,Rwanda,1,253,126,259,18325,17251
2021-02-24,RW,Rwanda,1,254,118,13,18443,17264
2021-02-25,RW,Rwanda,4,258,110,15,18553,17279
2021-02-26,RW,Rwanda,0,258,136,23,18689,17302
2021-02-27,RW,Rwanda,3,261,101,5,18790,17307
2021-02-28,RW,Rwanda,0,261,60,6,18850,17313
2021-03-01,RW,Rwanda,3,264,136,9,18986,17322
2021-03-02,RW,Rwanda,1,265,125,150,19111,17472
2021-03-03,RW,Rwanda,0,265,87,97,19198,17569
2021-03-04,RW,Rwanda,1,266,136,113,19334,17682
2021-03-05,RW,Rwanda,1,267,92,69,19426,17751
2021-03-06,RW,Rwanda,0,267,83,59,19509,17810
2021-03-07,RW,Rwanda,1,268,42,30,19551,17840
2021-03-08,RW,Rwanda,0,268,108,71,19659,17911
2021-03-09,RW,Rwanda,2,270,120,122,19779,18033
2021-03-10,RW,Rwanda,1,271,67,85,19846,18118
2021-03-11,RW,Rwanda,2,273,99,118,19945,18236
2021-03-12,RW,Rwanda,2,275,112,125,20057,18361
2021-03-13,RW,Rwanda,1,276,86,139,20143,18500
2021-03-14,RW,Rwanda,4,280,43,66,20186,18566
2021-03-15,RW,Rwanda,2,282,116,69,20302,18635
2021-03-16,RW,Rwanda,0,282,110,169,20412,18804
2021-03-17,RW,Rwanda,1,283,68,102,20480,18906
2021-03-18,RW,Rwanda,1,284,71,101,20551,19007
2021-03-19,RW,Rwanda,3,287,130,136,20681,19143
2021-03-20,RW,Rwanda,0,287,80,20,20761,19163
2021-03-21,RW,Rwanda,3,290,67,17,20828,19180
2021-03-22,RW,Rwanda,2,292,68,34,20896,19214
2021-03-23,RW,Rwanda,3,295,79,96,20975,19310
2021-03-24,RW,Rwanda,2,297,131,131,21106,19441
2021-03-25,RW,Rwanda,1,298,104,99,21210,19540
2021-03-26,RW,Rwanda,2,300,99,117,21309,19657
2021-03-27,RW,Rwanda,1,301,61,84,21370,19741
2021-03-28,RW,Rwanda,0,301,49,44,21419,19785
2021-03-29,RW,Rwanda,4,305,71,75,21490,19860
2021-03-30,RW,Rwanda,1,306,155,141,21645,20001
2021-03-31,RW,Rwanda,1,307,138,181,21783,20182
2021-04-01,RW,Rwanda,1,308,135,126,21918,20308
2021-04-02,RW,Rwanda,2,310,249,90,22167,20398
2021-04-03,RW,Rwanda,1,311,76,74,22243,20472
2021-04-04,RW,Rwanda,0,311,239,47,22482,20519
2020-12-01,UA,Ukraine,231,12962,12774,10317,765117,370677
2020-12-02,UA,Ukraine,178,13140,13443,14284,778560,384961
2020-12-03,UA,Ukraine,254,13394,14812,15790,793372,400751
2020-12-04,UA,Ukraine,247,13641,15456,13596,808828,414347
2020-12-05,UA,Ukraine,236,13877,14157,15108,822985,429455
2020-12-06,UA,Ukraine,177,14054,11928,6120,834913,435575
2020-12-07,UA,Ukraine,154,14208,8985,5324,843898,440899
2020-12-08,UA,Ukraine,205,14413,11156,13327,855054,454226
2020-12-09,UA,Ukraine,289,14702,12937,14974,867991,469200
2020-12-10,UA,Ukraine,279,14981,13736,14353,881727,483553
2020-12-11,UA,Ukraine,297,15278,13893,15629,895620,499182
2020-12-12,UA,Ukraine,250,15528,13219,14067,908839,513249
2020-12-13,UA,Ukraine,163,15691,9605,7663,918444,520912
2020-12-14,UA,Ukraine,101,15792,6877,5189,925321,526101
2020-12-15,UA,Ukraine,246,16038,8840,16571,934161,542672
2020-12-16,UA,Ukraine,276,16314,11057,13003,945218,555675
2020-12-17,UA,Ukraine,265,16579,12474,13525,957692,569200
2020-12-18,UA,Ukraine,269,16848,13066,13257,970758,582457
2020-12-19,UA,Ukraine,224,17072,12179,13761,982937,596218
2020-12-20,UA,Ukraine,129,17201,8763,6775,991700,602993
2020-12-21,UA,Ukraine,92,17293,6978,5127,998678,608120
2020-12-22,UA,Ukraine,242,17535,8949,14399,1007627,622519
2020-12-23,UA,Ukraine,288,17823,10572,15746,1018199,638265
2020-12-24,UA,Ukraine,234,18057,11926,16327,1030125,654592
2020-12-25,UA,Ukraine,198,18255,11458,15845,1041583,670437
2020-12-26,UA,Ukraine,134,18389,8134,5797,1049717,676234
2020-12-27,UA,Ukraine,83,18472,6548,7039,1056265,683273
2020-12-28,UA,Ukraine,83,18555,4809,7353,1061074,690626
2020-12-29,UA,Ukraine,246,18801,7402,16609,1068476,707235
2020-12-30,UA,Ukraine,257,19058,8404,16908,1076880,724143
2020-12-31,UA,Ukraine,223,19281,10117,12468,1086997,736611
2021-01-01,UA,Ukraine,156,19437,9858,10069,1096855,746680
2021-01-02,UA,Ukraine,61,19498,5401,2691,1102256,749371
2021-01-03,UA,Ukraine,132,19630,4881,6439,1107137,755810
2021-01-04,UA,Ukraine,82,19712,4494,4850,1111631,760660
2021-01-05,UA,Ukraine,217,19929,5625,14174,1117256,774834
2021-01-06,UA,Ukraine,242,20171,7226,14793,1124482,789627
2021-01-07,UA,Ukraine,163,20334,9320,11666,1133802,801293
2021-01-08,UA,Ukraine,98,20432,5998,5232,1139800,806525
2021-01-09,UA,Ukraine,94,20526,5143,8254,1144943,814779
2021-01-10,UA,Ukraine,115,20641,5322,5606,1150265,820385
2021-01-11,UA,Ukraine,78,20719,4585,4914,1154850,825299
2021-01-12,UA,Ukraine,196,20915,5393,16367,1160243,841666
2021-01-13,UA,Ukraine,206,21121,6715,15053,1166958,856719
2021-01-14,UA,Ukraine,179,21300,8385,10651,1175343,867370
2021-01-15,UA,Ukraine,179,21479,8620,10619,1183963,877989
2021-01-16,UA,Ukraine,158,21637,8151,10213,1192114,888202
2021-01-17,UA,Ukraine,130,21767,6398,8934,1198512,897136
2021-01-18,UA,Ukraine,80,21847,3382,5345,1201894,902481
2021-01-19,UA,Ukraine,190,22037,4231,15343,1206125,917824
2021-01-20,UA,Ukraine,227,22264,4729,14985,1210854,932809
2021-01-21,UA,Ukraine,257,22521,5926,14278,1216780,947087
2021-01-22,UA,Ukraine,177,22698,5679,14581,1222459,961668
2021-01-23,UA,Ukraine,132,22830,5264,13518,1227723,975186
2021-01-24,UA,Ukraine,96,22926,4242,5583,1231965,980769
2021-01-25,UA,Ukraine,75,23001,2807,5886,1234772,986655
2021-01-26,UA,Ukraine,147,23148,3038,12811,1237810,999466
2021-01-27,UA,Ukraine,159,23307,4053,14732,1241863,1014198
2021-01-28,UA,Ukraine,162,23469,5811,12266,1247674,1026464
2021-01-29,UA,Ukraine,141,23610,5453,11688,1253127,1038152
2021-01-30,UA,Ukraine,159,23769,4966,11614,1258093,1049766
2021-01-31,UA,Ukraine,91,23860,3453,4411,1261546,1054177
2021-02-01,UA,Ukraine,71,23931,2287,5280,1263833,1059457
2021-02-02,UA,Ukraine,169,24100,2631,12149,1266464,1071606
2021-02-03,UA,Ukraine,176,24276,3537,10538,1270001,1082144
2021-02-04,UA,Ukraine,153,24429,5333,10455,1275334,1092599
2021-02-05,UA,Ukraine,170,24599,5167,8488,1280501,1101087
2021-02-06,UA,Ukraine,136,24735,4558,7443,1285059,1108530
2021-02-07,UA,Ukraine,93,24828,3610,2397,1288669,1110927
2021-02-08,UA,Ukraine,56,24884,2356,2744,1291025,1113671
2021-02-09,UA,Ukraine,138,25022,2867,9241,1293892,1122912
2021-02-10,UA,Ukraine,173,25195,3645,8165,1297537,1131077
2021-02-11,UA,Ukraine,135,25330,5274,7059,1302811,1138136
2021-02-12,UA,Ukraine,127,25457,4995,7472,1307806,1145608
2021-02-13,UA,Ukraine,121,25578,5403,6357,1313209,1151965
2021-02-14,UA,Ukraine,53,25631,3311,2111,1316520,1154076
2021-02-15,UA,Ukraine,71,25702,2540,2550,1319060,1156626
2021-02-16,UA,Ukraine,160,25862,3346,6528,1322406,1163154
2021-02-17,UA,Ukraine,155,26017,4485,6160,1326891,1169314
2021-02-18,UA,Ukraine,174,26191,6441,5567,1333332,1174881
2021-02-19,UA,Ukraine,129,26320,6722,6034,1340054,1180915
2021-02-20,UA,Ukraine,84,26404,6473,4720,1346527,1185635
2021-02-21,UA,Ukraine,66,26470,4663,1799,1351190,1187434
2021-02-22,UA,Ukraine,61,26531,3355,1425,1354545,1188859
2021-02-23,UA,Ukraine,159,26690,4326,4475,1358871,1193334
2021-02-24,UA,Ukraine,157,26847,5990,3712,1364861,1197046
2021-02-25,UA,Ukraine,144,26991,8278,4325,1373139,1201371
2021-02-26,UA,Ukraine,155,27146,8134,4512,1381273,1205883
2021-02-27,UA,Ukraine,160,27306,8297,5036,1389570,1210919
2021-02-28,UA,Ukraine,98,27404,5958,1876,1395528,1212795
2021-03-01,UA,Ukraine,76,27480,4406,1808,1399934,1214603
2021-03-02,UA,Ukraine,170,27650,5460,5425,1405394,1220028
2021-03-03,UA,Ukraine,194,27844,7354,5415,1412748,1225443
2021-03-04,UA,Ukraine,202,28046,10179,5104,1422927,1230547
2021-03-05,UA,Ukraine,181,28227,10273,4292,1433200,1234839
2021-03-06,UA,Ukraine,165,28392,9257,3482,1442457,1238321
2021-03-07,UA,Ukraine,110,28502,7284,2222,1449741,1240543
2021-03-08,UA,Ukraine,114,28616,5680,1768,1455421,1242311
2021-03-09,UA,Ukraine,82,28698,3364,1024,1458785,1243335
2021-03-10,UA,Ukraine,227,28925,6480,5974,1465265,1249309
2021-03-11,UA,Ukraine,270,29195,9187,5604,1474452,1254913
2021-03-12,UA,Ukraine,239,29434,13045,4878,1487497,1259791
2021-03-13,UA,Ukraine,250,29684,13376,5135,1500873,1264926
2021-03-14,UA,Ukraine,151,29835,9110,2828,1509983,1267754
2021-03-15,UA,Ukraine,134,29969,6882,3529,1516865,1271283
2021-03-16,UA,Ukraine,270,30239,9730,6320,1526595,1277603
2021-03-17,UA,Ukraine,296,30535,11921,5612,1538516,1283215
2021-03-18,UA,Ukraine,276,30811,15143,6626,1553659,1289841
2021-03-19,UA,Ukraine,267,31078,15937,4632,1569596,1294473
2021-03-20,UA,Ukraine,266,31344,15376,5381,1584972,1299854
2021-03-21,UA,Ukraine,170,31514,11229,3930,1596201,1303784
2021-03-22,UA,Ukraine,163,31677,7982,3038,1604183,1306822
2021-03-23,UA,Ukraine,341,32018,11564,8393,1615747,1315215
2021-03-24,UA,Ukraine,350,32368,14266,7754,1630013,1322969
2021-03-25,UA,Ukraine,369,32737,16762,6886,1646775,1329855
2021-03-26,UA,Ukraine,331,33068,18226,7225,1665001,1337080
2021-03-27,UA,Ukraine,295,33363,17526,7262,1682527,1344342
2021-03-28,UA,Ukraine,208,33571,12041,3396,1694568,1347738
2021-03-29,UA,Ukraine,181,33752,8468,2907,1703036,1350645
2021-03-30,UA,Ukraine,291,34043,10648,3701,1713684,1354346
2021-03-31,UA,Ukraine,413,34456,11345,6598,1725029,1360944
2021-04-01,UA,Ukraine,429,34885,17681,9789,1742710,1370733
2021-04-02,UA,Ukraine,441,35326,20003,10430,1762713,1381163
2021-04-03,UA,Ukraine,403,35729,20456,9268,1783169,1390431
2021-04-04,UA,Ukraine,265,35994,13858,4702,1797027,1395133
2020-12-01,SE,Sweden,0,6681,17629,0,260758,0
2020-12-02,SE,Sweden,291,6972,5400,0,266158,0
2020-12-03,SE,Sweden,35,7007,6485,0,272643,0
2020-12-04,SE,Sweden,60,7067,6269,0,278912,0
2020-12-05,SE,Sweden,0,7067,0,0,278912,0
2020-12-06,SE,Sweden,0,7067,0,0,278912,0
2020-12-07,SE,Sweden,0,7067,0,0,278912,0
2020-12-08,SE,Sweden,0,7067,18820,0,297732,0
2020-12-09,SE,Sweden,229,7296,7061,0,304793,0
2020-12-10,SE,Sweden,58,7354,7935,0,312728,0
2020-12-11,SE,Sweden,160,7514,7370,0,320098,0
2020-12-12,SE,Sweden,0,7514,0,0,320098,0
2020-12-13,SE,Sweden,0,7514,0,0,320098,0
2020-12-14,SE,Sweden,0,7514,0,0,320098,0
2020-12-15,SE,Sweden,0,7514,20931,0,341029,0
2020-12-16,SE,Sweden,288,7802,7556,0,348585,0
2020-12-17,SE,Sweden,91,7893,8881,0,357466,0
2020-12-18,SE,Sweden,100,7993,9654,0,367120,0
2020-12-19,SE,Sweden,0,7993,0,0,367120,0
2020-12-20,SE,Sweden,0,7993,0,0,367120,0
2020-12-21,SE,Sweden,0,7993,0,0,367120,0
2020-12-22,SE,Sweden,0,7993,22319,0,389439,0
2020-12-23,SE,Sweden,286,8279,6609,0,396048,0
2020-12-24,SE,Sweden,0,8279,0,0,396048,0
2020-12-25,SE,Sweden,0,8279,0,0,396048,0
2020-12-26,SE,Sweden,0,8279,0,0,396048,0
2020-12-27,SE,Sweden,0,8279,0,0,396048,0
2020-12-28,SE,Sweden,0,8279,0,0,396048,0
2020-12-29,SE,Sweden,0,8279,32485,0,428533,0
2020-12-30,SE,Sweden,448,8727,8846,0,437379,0
2020-12-31,SE,Sweden,0,8727,0,0,437379,0
2021-01-01,SE,Sweden,0,8727,0,0,437379,0
2021-01-02,SE,Sweden,0,8727,0,0,437379,0
2021-01-03,SE,Sweden,0,8727,0,0,437379,0
2021-01-04,SE,Sweden,0,8727,0,0,437379,0
2021-01-05,SE,Sweden,238,8965,32369,0,469748,0
2021-01-06,SE,Sweden,0,8965,0,0,469748,0
2021-01-07,SE,Sweden,297,9262,12536,0,482284,0
2021-01-08,SE,Sweden,171,9433,7187,0,489471,0
2021-01-09,SE,Sweden,0,9433,0,0,489471,0
2021-01-10,SE,Sweden,0,9433,0,0,489471,0
2021-01-11,SE,Sweden,0,9433,0,0,489471,0
2021-01-12,SE,Sweden,0,9433,17395,0,506866,0
2021-01-13,SE,Sweden,401,9834,5337,0,512203,0
2021-01-14,SE,Sweden,351,10185,6580,0,518783,0
2021-01-15,SE,Sweden,138,10323,4703,0,523486,0
2021-01-16,SE,Sweden,0,10323,0,0,523486,0
2021-01-17,SE,Sweden,0,10323,0,0,523486,0
2021-01-18,SE,Sweden,0,10323,0,0,523486,0
2021-01-19,SE,Sweden,0,10323,9779,0,533265,0
2021-01-20,SE,Sweden,474,10797,4702,0,537967,0
2021-01-21,SE,Sweden,124,10921,4985,0,542952,0
2021-01-22,SE,Sweden,84,11005,4214,0,547166,0
2021-01-23,SE,Sweden,0,11005,0,0,547166,0
2021-01-24,SE,Sweden,0,11005,0,0,547166,0
2021-01-25,SE,Sweden,0,11005,0,0,547166,0
2021-01-26,SE,Sweden,242,11247,9123,0,556289,0
2021-01-27,SE,Sweden,178,11425,4183,0,560472,0
2021-01-28,SE,Sweden,95,11520,4085,0,564557,0
2021-01-29,SE,Sweden,71,11591,2400,0,566957,0
2021-01-30,SE,Sweden,0,11591,0,0,566957,0
2021-01-31,SE,Sweden,0,11591,0,0,566957,0
2021-02-01,SE,Sweden,0,11591,0,0,566957,0
2021-02-02,SE,Sweden,224,11815,9649,0,576606,0
2021-02-03,SE,Sweden,124,11939,4310,0,580916,0
2021-02-04,SE,Sweden,89,12028,3758,0,584674,0
2021-02-05,SE,Sweden,87,12115,3388,0,588062,0
2021-02-06,SE,Sweden,0,12115,0,0,588062,0
2021-02-07,SE,Sweden,0,12115,0,0,588062,0
2021-02-08,SE,Sweden,0,12115,0,0,588062,0
2021-02-09,SE,Sweden,73,12188,8112,0,596174,0
2021-02-10,SE,Sweden,138,12326,4070,0,600244,0
2021-02-11,SE,Sweden,44,12370,4333,0,604577,0
2021-02-12,SE,Sweden,58,12428,3834,0,608411,0
2021-02-13,SE,Sweden,0,12428,0,0,608411,0
2021-02-14,SE,Sweden,0,12428,0,0,608411,0
2021-02-15,SE,Sweden,0,12428,0,0,608411,0
2021-02-16,SE,Sweden,59,12487,9458,0,617869,0
2021-02-17,SE,Sweden,82,12569,4233,0,622102,0
2021-02-18,SE,Sweden,29,12598,4920,0,627022,0
2021-02-19,SE,Sweden,51,12649,4144,0,631166,0
2021-02-20,SE,Sweden,0,12649,0,0,631166,0
2021-02-21,SE,Sweden,0,12649,0,0,631166,0
2021-02-22,SE,Sweden,0,12649,0,0,631166,0
2021-02-23,SE,Sweden,64,12713,10933,0,642099,0
2021-02-24,SE,Sweden,80,12793,5371,0,647470,0
2021-02-25,SE,Sweden,5,12798,4995,0,652465,0
2021-02-26,SE,Sweden,28,12826,4844,0,657309,0
2021-02-27,SE,Sweden,0,12826,0,0,657309,0
2021-02-28,SE,Sweden,0,12826,0,0,657309,0
2021-03-01,SE,Sweden,0,12826,0,0,657309,0
2021-03-02,SE,Sweden,56,12882,11804,0,669113,0
2021-03-03,SE,Sweden,82,12964,6179,0,675292,0
2021-03-04,SE,Sweden,13,12977,4838,0,680130,0
2021-03-05,SE,Sweden,26,13003,4831,0,684961,0
2021-03-06,SE,Sweden,0,13003,0,0,684961,0
2021-03-07,SE,Sweden,0,13003,0,0,684961,0
2021-03-08,SE,Sweden,0,13003,0,0,684961,0
2021-03-09,SE,Sweden,39,13042,11014,0,695975,0
2021-03-10,SE,Sweden,46,13088,5917,0,701892,0
2021-03-11,SE,Sweden,23,13111,5300,0,707192,0
2021-03-12,SE,Sweden,35,13146,5335,0,712527,0
2021-03-13,SE,Sweden,0,13146,0,0,712527,0
2021-03-14,SE,Sweden,0,13146,0,0,712527,0
2021-03-15,SE,Sweden,0,13146,0,0,712527,0
2021-03-16,SE,Sweden,26,13172,12762,0,725289,0
2021-03-17,SE,Sweden,56,13228,6781,0,732070,0
2021-03-18,SE,Sweden,8,13236,6467,0,738537,0
2021-03-19,SE,Sweden,26,13262,5735,0,744272,0
2021-03-20,SE,Sweden,0,13262,0,0,744272,0
2021-03-21,SE,Sweden,0,13262,0,0,744272,0
2021-03-22,SE,Sweden,0,13262,0,0,744272,0
2021-03-23,SE,Sweden,53,13315,14063,0,758335,0
2021-03-24,SE,Sweden,42,13357,7649,0,765984,0
2021-03-25,SE,Sweden,16,13373,7706,0,773690,0
2021-03-26,SE,Sweden,29,13402,6328,0,780018,0
2021-03-27,SE,Sweden,0,13402,0,0,780018,0
2021-03-28,SE,Sweden,0,13402,0,0,780018,0
2021-03-29,SE,Sweden,0,13402,0,0,780018,0
2021-03-30,SE,Sweden,28,13430,16427,0,796445,0
2021-03-31,SE,Sweden,35,13465,8441,0,804886,0
2021-04-01,SE,Sweden,33,13498,8305,0,813191,0
2021-04-02,SE,Sweden,0,13498,0,0,813191,0
2021-04-03,SE,Sweden,0,13498,0,0,813191,0
2021-04-04,SE,Sweden,0,13498,0,0,813191,0
2020-12-01,PA,Panama,19,3098,1505,1056,167311,145518
2020-12-02,PA,Panama,16,3114,2028,1058,169339,146576
2020-12-03,PA,Panama,27,3141,1880,1820,171219,148396
2020-12-04,PA,Panama,13,3154,2388,1655,173607,150051
2020-12-05,PA,Panama,19,3173,2300,1196,175907,151247
2020-12-06,PA,Panama,20,3193,1812,1643,177719,152890
2020-12-07,PA,Panama,19,3212,1511,1440,179230,154330
2020-12-08,PA,Panama,29,3241,1936,1540,181166,155870
2020-12-09,PA,Panama,23,3264,1811,1000,182977,156870
2020-12-10,PA,Panama,23,3287,2447,1018,185424,157888
2020-12-11,PA,Panama,22,3309,2355,1182,187779,159070
2020-12-12,PA,Panama,22,3331,2806,1571,190585,160641
2020-12-13,PA,Panama,25,3356,2422,1464,193007,162105
2020-12-14,PA,Panama,26,3382,1612,1229,194619,163334
2020-12-15,PA,Panama,29,3411,2368,1521,196987,164855
2020-12-16,PA,Panama,28,3439,2960,1745,199947,166600
2020-12-17,PA,Panama,42,3481,3348,1638,203295,168238
2020-12-18,PA,Panama,23,3504,3015,1932,206310,170170
2020-12-19,PA,Panama,23,3527,3274,1575,209584,171745
2020-12-20,PA,Panama,39,3566,2755,1763,212339,173508
2020-12-21,PA,Panama,31,3597,1699,1443,214038,174951
2020-12-22,PA,Panama,35,3632,3164,1477,217202,176428
2020-12-23,PA,Panama,32,3664,3059,1712,220261,178140
2020-12-24,PA,Panama,51,3715,3413,1905,223674,180045
2020-12-25,PA,Panama,41,3756,2986,1704,226660,181749
2020-12-26,PA,Panama,43,3799,2064,1773,228724,183522
2020-12-27,PA,Panama,41,3840,2633,2444,231357,185966
2020-12-28,PA,Panama,52,3892,2348,1586,233705,187552
2020-12-29,PA,Panama,41,3933,4574,2212,238279,189764
2020-12-30,PA,Panama,42,3975,4465,2837,242744,192601
2020-12-31,PA,Panama,47,4022,4046,2537,246790,195138
2021-01-01,PA,Panama,42,4064,2943,2790,249733,197928
2021-01-02,PA,Panama,39,4103,2031,1766,251764,199694
2021-01-03,PA,Panama,37,4140,1972,2122,253736,201816
2021-01-04,PA,Panama,57,4197,2494,1872,256230,203688
2021-01-05,PA,Panama,41,4238,3540,2399,259770,206087
2021-01-06,PA,Panama,45,4283,5186,2533,264956,208620
2021-01-07,PA,Panama,38,4321,4135,4036,269091,212656
2021-01-08,PA,Panama,42,4363,3946,2705,273037,215361
2021-01-09,PA,Panama,43,4406,3735,2183,276772,217544
2021-01-10,PA,Panama,49,4455,2424,1600,279196,219144
2021-01-11,PA,Panama,45,4500,2157,1689,281353,220833
2021-01-12,PA,Panama,61,4561,3740,2802,285093,223635
2021-01-13,PA,Panama,33,4594,3315,3506,288408,227141
2021-01-14,PA,Panama,57,4651,2877,3561,291285,230702
2021-01-15,PA,Panama,38,4689,2307,3593,293592,234295
2021-01-16,PA,Panama,49,4738,2677,2659,296269,236954
2021-01-17,PA,Panama,49,4787,1750,2045,298019,238999
2021-01-18,PA,Panama,41,4828,1342,2129,299361,241128
2021-01-19,PA,Panama,36,4864,2173,2029,301534,243157
2021-01-20,PA,Panama,48,4912,2243,3295,303777,246452
2021-01-21,PA,Panama,32,4944,1975,3763,305752,250215
2021-01-22,PA,Panama,36,4980,2041,3288,307793,253503
2021-01-23,PA,Panama,54,5034,2058,3094,309851,256597
2021-01-24,PA,Panama,29,5063,1393,2498,311244,259095
2021-01-25,PA,Panama,35,5098,914,2196,312158,261291
2021-01-26,PA,Panama,39,5137,1676,2204,313834,263495
2021-01-27,PA,Panama,39,5176,1566,3039,315400,266534
2021-01-28,PA,Panama,20,5196,1408,3103,316808,269637
2021-01-29,PA,Panama,25,5221,1445,2543,318253,272180
2021-01-30,PA,Panama,23,5244,1200,2626,319453,274806
2021-01-31,PA,Panama,26,5270,926,1611,320379,276417
2021-02-01,PA,Panama,26,5296,724,2025,321103,278442
2021-02-02,PA,Panama,43,5339,1098,2385,322201,280827
2021-02-03,PA,Panama,27,5366,1181,2471,323382,283298
2021-02-04,PA,Panama,25,5391,1107,2192,324489,285490
2021-02-05,PA,Panama,35,5426,998,2356,325487,287846
2021-02-06,PA,Panama,29,5455,977,2278,326464,290124
2021-02-07,PA,Panama,25,5480,627,2178,327091,292302
2021-02-08,PA,Panama,26,5506,563,2108,327654,294410
2021-02-09,PA,Panama,25,5531,822,3240,328476,297650
2021-02-10,PA,Panama,19,5550,891,2960,329367,300610
2021-02-11,PA,Panama,22,5572,708,3000,330075,303610
2021-02-12,PA,Panama,23,5595,910,3024,330985,306634
2021-02-13,PA,Panama,26,5621,707,2662,331692,309296
2021-02-14,PA,Panama,15,5636,487,2487,332179,311783
2021-02-15,PA,Panama,6,5642,500,2000,332679,313783
2021-02-16,PA,Panama,13,5655,572,1014,333251,314797
2021-02-17,PA,Panama,17,5672,504,1251,333755,316048
2021-02-18,PA,Panama,22,5694,708,1384,334463,317432
2021-02-19,PA,Panama,17,5711,876,1363,335339,318795
2021-02-20,PA,Panama,16,5727,698,1026,336037,319821
2021-02-21,PA,Panama,15,5742,484,847,336521,320668
2021-02-22,PA,Panama,14,5756,566,771,337087,321439
2021-02-23,PA,Panama,16,5772,718,799,337805,322238
2021-02-24,PA,Panama,17,5789,896,1045,338701,323283
2021-02-25,PA,Panama,21,5810,682,873,339383,324156
2021-02-26,PA,Panama,10,5820,398,680,339781,324836
2021-02-27,PA,Panama,11,5831,664,655,340445,325491
2021-02-28,PA,Panama,14,5845,470,722,340915,326213
2021-03-01,PA,Panama,13,5858,505,1104,341420,327317
2021-03-02,PA,Panama,13,5871,599,783,342019,328100
2021-03-03,PA,Panama,13,5884,722,845,342741,328945
2021-03-04,PA,Panama,11,5895,540,764,343281,329709
2021-03-05,PA,Panama,12,5907,462,765,343743,330474
2021-03-06,PA,Panama,3,5910,734,759,344477,331233
2021-03-07,PA,Panama,13,5923,357,529,344834,331762
2021-03-08,PA,Panama,11,5934,402,457,345236,332219
2021-03-09,PA,Panama,10,5944,523,786,345759,333005
2021-03-10,PA,Panama,13,5957,542,670,346301,333675
2021-03-11,PA,Panama,15,5972,474,581,346775,334256
2021-03-12,PA,Panama,9,5981,451,539,347226,334795
2021-03-13,PA,Panama,6,5987,415,607,347641,335402
2021-03-14,PA,Panama,7,5994,278,448,347919,335850
2021-03-15,PA,Panama,11,6005,236,427,348155,336277
2021-03-16,PA,Panama,4,6009,425,733,348580,337010
2021-03-17,PA,Panama,9,6018,440,620,349020,337630
2021-03-18,PA,Panama,7,6025,485,551,349505,338181
2021-03-19,PA,Panama,10,6035,715,564,350220,338745
2021-03-20,PA,Panama,7,6042,445,494,350665,339239
2021-03-21,PA,Panama,2,6044,326,326,350991,339565
2021-03-22,PA,Panama,8,6052,222,396,351213,339961
2021-03-23,PA,Panama,8,6060,454,532,351667,340493
2021-03-24,PA,Panama,5,6065,415,481,352082,340974
2021-03-25,PA,Panama,8,6073,497,502,352579,341476
2021-03-26,PA,Panama,14,6087,438,424,353017,341900
2021-03-27,PA,Panama,3,6090,480,479,353497,342379
2021-03-28,PA,Panama,10,6100,342,395,353839,342774
2021-03-29,PA,Panama,3,6103,246,283,354085,343057
2021-03-30,PA,Panama,6,6109,519,444,354604,343501
2021-03-31,PA,Panama,5,6114,447,403,355051,343904
2021-04-01,PA,Panama,5,6119,448,423,355499,344327
2021-04-02,PA,Panama,7,6126,351,374,355850,344701
2021-04-03,PA,Panama,5,6131,223,419,356073,345120
2021-04-04,PA,Panama,4,6135,304,373,356377,345493
2020-12-01,SG,Singapore,0,29,10,5,58228,58139
2020-12-02,SG,Singapore,0,29,2,5,58230,58144
2020-12-03,SG,Singapore,0,29,9,1,58239,58145
2020-12-04,SG,Singapore,0,29,3,7,58242,58152
2020-12-05,SG,Singapore,0,29,13,6,58255,58158
2020-12-06,SG,Singapore,0,29,5,2,58260,58160
2020-12-07,SG,Singapore,0,29,13,8,58273,58168
2020-12-08,SG,Singapore,0,29,12,8,58285,58176
2020-12-09,SG,Singapore,0,29,6,6,58291,58182
2020-12-10,SG,Singapore,0,29,6,6,58297,58188
2020-12-11,SG,Singapore,0,29,8,4,58305,58192
2020-12-12,SG,Singapore,0,29,8,5,58313,58197
2020-12-13,SG,Singapore,0,29,7,11,58320,58208
2020-12-14,SG,Singapore,0,29,5,2,58325,58210
2020-12-15,SG,Singapore,0,29,16,23,58341,58233
2020-12-16,SG,Singapore,0,29,12,5,58353,58238
2020-12-17,SG,Singapore,0,29,24,14,58377,58252
2020-12-18,SG,Singapore,0,29,9,13,58386,58265
2020-12-19,SG,Singapore,0,29,17,9,58403,58274
2020-12-20,SG,Singapore,0,29,19,5,58422,58279
2020-12-21,SG,Singapore,0,29,10,8,58432,58287
2020-12-22,SG,Singapore,0,29,29,17,58461,58304
2020-12-23,SG,Singapore,0,29,21,18,58482,58322
2020-12-24,SG,Singapore,0,29,13,10,58495,58332
2020-12-25,SG,Singapore,0,29,14,20,58509,58352
2020-12-26,SG,Singapore,0,29,10,10,58519,58362
2020-12-27,SG,Singapore,0,29,5,8,58524,58370
2020-12-28,SG,Singapore,0,29,5,16,58529,58386
2020-12-29,SG,Singapore,0,29,13,14,58542,58400
2020-12-30,SG,Singapore,0,29,27,11,58569,58411
2020-12-31,SG,Singapore,0,29,30,38,58599,58449
2021-01-01,SG,Singapore,0,29,30,0,58629,58449
2021-01-02,SG,Singapore,0,29,33,27,58662,58476
2021-01-03,SG,Singapore,0,29,35,11,58697,58487
2021-01-04,SG,Singapore,0,29,24,10,58721,58497
2021-01-05,SG,Singapore,0,29,28,20,58749,58517
2021-01-06,SG,Singapore,0,29,31,24,58780,58541
2021-01-07,SG,Singapore,0,29,33,21,58813,58562
2021-01-08,SG,Singapore,0,29,23,18,58836,58580
2021-01-09,SG,Singapore,0,29,29,31,58865,58611
2021-01-10,SG,Singapore,0,29,42,25,58907,58636
2021-01-11,SG,Singapore,0,29,22,32,58929,58668
2021-01-12,SG,Singapore,0,29,17,26,58946,58694
2021-01-13,SG,Singapore,0,29,38,28,58984,58722
2021-01-14,SG,Singapore,0,29,45,35,59029,58757
2021-01-15,SG,Singapore,0,29,30,14,59059,58771
2021-01-16,SG,Singapore,0,29,24,13,59083,58784
2021-01-17,SG,Singapore,0,29,30,62,59113,58846
2021-01-18,SG,Singapore,0,29,14,22,59127,58868
2021-01-19,SG,Singapore,0,29,30,26,59157,58894
2021-01-20,SG,Singapore,0,29,40,32,59197,58926
2021-01-21,SG,Singapore,0,29,38,33,59235,58959
2021-01-22,SG,Singapore,0,29,15,24,59250,58983
2021-01-23,SG,Singapore,0,29,10,32,59260,59015
2021-01-24,SG,Singapore,0,29,48,26,59308,59041
2021-01-25,SG,Singapore,0,29,44,25,59352,59066
2021-01-26,SG,Singapore,0,29,14,20,59366,59086
2021-01-27,SG,Singapore,0,29,25,18,59391,59104
2021-01-28,SG,Singapore,0,29,34,44,59425,59148
2021-01-29,SG,Singapore,0,29,24,33,59449,59181
2021-01-30,SG,Singapore,0,29,58,15,59507,59196
2021-01-31,SG,Singapore,0,29,29,32,59536,59228
2021-02-01,SG,Singapore,0,29,29,43,59565,59271
2021-02-02,SG,Singapore,0,29,19,30,59584,59301
2021-02-03,SG,Singapore,0,29,18,19,59602,59320
2021-02-04,SG,Singapore,0,29,22,28,59624,59348
2021-02-05,SG,Singapore,0,29,25,25,59649,59373
2021-02-06,SG,Singapore,0,29,26,32,59675,59405
2021-02-07,SG,Singapore,0,29,24,28,59699,59433
2021-02-08,SG,Singapore,0,29,22,51,59721,59484
2021-02-09,SG,Singapore,0,29,11,22,59732,59506
2021-02-10,SG,Singapore,0,29,15,20,59747,59526
2021-02-11,SG,Singapore,0,29,12,32,59759,59558
2021-02-12,SG,Singapore,0,29,18,11,59777,59569
2021-02-13,SG,Singapore,0,29,9,35,59786,59604
2021-02-14,SG,Singapore,0,29,14,17,59800,59621
2021-02-15,SG,Singapore,0,29,9,20,59809,59641
2021-02-16,SG,Singapore,0,29,1,20,59810,59661
2021-02-17,SG,Singapore,0,29,11,15,59821,59676
2021-02-18,SG,Singapore,0,29,11,3,59832,59679
2021-02-19,SG,Singapore,0,29,14,18,59846,59697
2021-02-20,SG,Singapore,0,29,12,22,59858,59719
2021-02-21,SG,Singapore,0,29,11,12,59869,59731
2021-02-22,SG,Singapore,0,29,10,15,59879,59746
2021-02-23,SG,Singapore,0,29,4,7,59883,59753
2021-02-24,SG,Singapore,0,29,7,8,59890,59761
2021-02-25,SG,Singapore,0,29,10,24,59900,59785
2021-02-26,SG,Singapore,0,29,13,18,59913,59803
2021-02-27,SG,Singapore,0,29,12,13,59925,59816
2021-02-28,SG,Singapore,0,29,11,7,59936,59823
2021-03-01,SG,Singapore,0,29,12,7,59948,59830
2021-03-02,SG,Singapore,0,29,8,12,59956,59842
2021-03-03,SG,Singapore,0,29,23,7,59979,59849
2021-03-04,SG,Singapore,0,29,19,8,59998,59857
2021-03-05,SG,Singapore,0,29,9,13,60007,59870
2021-03-06,SG,Singapore,0,29,13,9,60020,59879
2021-03-07,SG,Singapore,0,29,13,15,60033,59894
2021-03-08,SG,Singapore,0,29,13,6,60046,59900
2021-03-09,SG,Singapore,0,29,6,5,60052,59905
2021-03-10,SG,Singapore,0,29,10,6,60062,59911
2021-03-11,SG,Singapore,0,29,8,28,60070,59939
2021-03-12,SG,Singapore,0,29,10,11,60080,59950
2021-03-13,SG,Singapore,1,30,8,11,60088,59961
2021-03-14,SG,Singapore,0,30,17,7,60105,59968
2021-03-15,SG,Singapore,0,30,12,6,60117,59974
2021-03-16,SG,Singapore,0,30,11,10,60128,59984
2021-03-17,SG,Singapore,0,30,9,17,60137,60001
2021-03-18,SG,Singapore,0,30,15,13,60152,60014
2021-03-19,SG,Singapore,0,30,15,5,60167,60019
2021-03-20,SG,Singapore,0,30,17,3,60184,60022
2021-03-21,SG,Singapore,0,30,12,16,60196,60038
2021-03-22,SG,Singapore,0,30,12,13,60208,60051
2021-03-23,SG,Singapore,0,30,13,12,60221,60063
2021-03-24,SG,Singapore,0,30,15,15,60236,60078
2021-03-25,SG,Singapore,0,30,17,8,60253,60086
2021-03-26,SG,Singapore,0,30,12,17,60265,60103
2021-03-27,SG,Singapore,0,30,23,10,60288,60113
2021-03-28,SG,Singapore,0,30,12,9,60300,60122
2021-03-29,SG,Singapore,0,30,21,9,60321,60131
2021-03-30,SG,Singapore,0,30,26,7,60347,60138
2021-03-31,SG,Singapore,0,30,34,11,60381,60149
2021-04-01,SG,Singapore,0,30,26,12,60407,60161
2021-04-02,SG,Singapore,0,30,43,15,60450,60176
2021-04-03,SG,Singapore,0,30,18,9,60468,60185
2021-04-04,SG,Singapore,0,30,10,17,60478,60202
2020-12-01,SA,Saudi Arabia,11,5907,263,374,357623,347176
2020-12-02,SA,Saudi Arabia,12,5919,249,337,357872,347513
2020-12-03,SA,Saudi Arabia,11,5930,230,368,358102,347881
2020-12-04,SA,Saudi Arabia,10,5940,234,357,358336,348238
2020-12-05,SA,Saudi Arabia,14,5954,190,324,358526,348562
2020-12-06,SA,Saudi Arabia,11,5965,187,317,358713,348879
2020-12-07,SA,Saudi Arabia,12,5977,209,289,358922,349168
2020-12-08,SA,Saudi Arabia,12,5989,193,246,359115,349414
2020-12-09,SA,Saudi Arabia,13,6002,159,210,359274,349624
2020-12-10,SA,Saudi Arabia,10,6012,141,248,359415,349872
2020-12-11,SA,Saudi Arabia,11,6023,168,236,359583,350108
2020-12-12,SA,Saudi Arabia,13,6036,166,239,359749,350347
2020-12-13,SA,Saudi Arabia,12,6048,139,202,359888,350549
2020-12-14,SA,Saudi Arabia,11,6059,125,243,360013,350792
2020-12-15,SA,Saudi Arabia,10,6069,142,201,360155,350993
2020-12-16,SA,Saudi Arabia,11,6080,180,199,360335,351192
2020-12-17,SA,Saudi Arabia,11,6091,181,173,360516,351365
2020-12-18,SA,Saudi Arabia,10,6101,174,208,360690,351573
2020-12-19,SA,Saudi Arabia,11,6112,158,149,360848,351722
2020-12-20,SA,Saudi Arabia,10,6122,162,156,361010,351878
2020-12-21,SA,Saudi Arabia,9,6131,168,211,361178,352089
2020-12-22,SA,Saudi Arabia,8,6139,181,160,361359,352249
2020-12-23,SA,Saudi Arabia,9,6148,177,169,361536,352418
2020-12-24,SA,Saudi Arabia,11,6159,189,190,361725,352608
2020-12-25,SA,Saudi Arabia,9,6168,178,207,361903,352815
2020-12-26,SA,Saudi Arabia,8,6176,163,189,362066,353004
2020-12-27,SA,Saudi Arabia,9,6185,154,175,362220,353179
2020-12-28,SA,Saudi Arabia,11,6196,119,174,362339,353353
2020-12-29,SA,Saudi Arabia,8,6204,149,159,362488,353512
2020-12-30,SA,Saudi Arabia,10,6214,113,170,362601,353682
2020-12-31,SA,Saudi Arabia,9,6223,140,171,362741,353853
2021-01-01,SA,Saudi Arabia,7,6230,137,228,362878,354081
2021-01-02,SA,Saudi Arabia,9,6239,101,182,362979,354263
2021-01-03,SA,Saudi Arabia,7,6246,82,180,363061,354443
2021-01-04,SA,Saudi Arabia,10,6256,94,166,363155,354609
2021-01-05,SA,Saudi Arabia,9,6265,104,146,363259,354755
2021-01-06,SA,Saudi Arabia,7,6272,118,144,363377,354899
2021-01-07,SA,Saudi Arabia,6,6278,108,138,363485,355037
2021-01-08,SA,Saudi Arabia,4,6282,97,171,363582,355208
2021-01-09,SA,Saudi Arabia,4,6286,110,174,363692,355382
2021-01-10,SA,Saudi Arabia,5,6291,117,166,363809,355548
2021-01-11,SA,Saudi Arabia,4,6295,140,158,363949,355706
2021-01-12,SA,Saudi Arabia,5,6300,147,151,364096,355857
2021-01-13,SA,Saudi Arabia,4,6304,175,156,364271,356013
2021-01-14,SA,Saudi Arabia,6,6310,169,188,364440,356201
2021-01-15,SA,Saudi Arabia,3,6313,173,181,364613,356382
2021-01-16,SA,Saudi Arabia,5,6318,140,159,364753,356541
2021-01-17,SA,Saudi Arabia,5,6323,176,146,364929,356687
2021-01-18,SA,Saudi Arabia,6,6329,170,161,365099,356848
2021-01-19,SA,Saudi Arabia,6,6335,226,156,365325,357004
2021-01-20,SA,Saudi Arabia,3,6338,238,173,365563,357177
2021-01-21,SA,Saudi Arabia,4,6342,212,160,365775,357337
2021-01-22,SA,Saudi Arabia,4,6346,213,188,365988,357525
2021-01-23,SA,Saudi Arabia,4,6350,197,203,366185,357728
2021-01-24,SA,Saudi Arabia,2,6352,186,211,366371,357939
2021-01-25,SA,Saudi Arabia,3,6355,213,198,366584,358137
2021-01-26,SA,Saudi Arabia,4,6359,223,203,366807,358340
2021-01-27,SA,Saudi Arabia,4,6363,216,205,367023,358545
2021-01-28,SA,Saudi Arabia,3,6366,253,208,367276,358753
2021-01-29,SA,Saudi Arabia,2,6368,267,253,367543,359006
2021-01-30,SA,Saudi Arabia,4,6372,270,293,367813,359299
2021-01-31,SA,Saudi Arabia,3,6375,261,274,368074,359573
2021-02-01,SA,Saudi Arabia,4,6379,255,266,368329,359839
2021-02-02,SA,Saudi Arabia,4,6383,310,271,368639,360110
2021-02-03,SA,Saudi Arabia,3,6386,306,290,368945,360400
2021-02-04,SA,Saudi Arabia,3,6389,303,297,369248,360697
2021-02-05,SA,Saudi Arabia,4,6393,327,257,369575,360954
2021-02-06,SA,Saudi Arabia,4,6397,386,283,369961,361237
2021-02-07,SA,Saudi Arabia,5,6402,317,278,370278,361515
2021-02-08,SA,Saudi Arabia,4,6406,356,298,370634,361813
2021-02-09,SA,Saudi Arabia,4,6410,353,249,370987,362062
2021-02-10,SA,Saudi Arabia,5,6415,369,306,371356,362368
2021-02-11,SA,Saudi Arabia,5,6420,364,274,371720,362642
2021-02-12,SA,Saudi Arabia,4,6424,353,305,372073,362947
2021-02-13,SA,Saudi Arabia,5,6429,337,356,372410,363303
2021-02-14,SA,Saudi Arabia,4,6433,322,282,372732,363585
2021-02-15,SA,Saudi Arabia,5,6438,314,341,373046,363926
2021-02-16,SA,Saudi Arabia,3,6441,322,371,373368,364297
2021-02-17,SA,Saudi Arabia,4,6445,334,349,373702,364646
2021-02-18,SA,Saudi Arabia,5,6450,327,371,374029,365017
2021-02-19,SA,Saudi Arabia,4,6454,337,346,374366,365363
2021-02-20,SA,Saudi Arabia,3,6457,325,382,374691,365745
2021-02-21,SA,Saudi Arabia,4,6461,315,349,375006,366094
2021-02-22,SA,Saudi Arabia,5,6466,327,318,375333,366412
2021-02-23,SA,Saudi Arabia,4,6470,335,323,375668,366735
2021-02-24,SA,Saudi Arabia,5,6475,353,280,376021,367015
2021-02-25,SA,Saudi Arabia,5,6480,356,308,376377,367323
2021-02-26,SA,Saudi Arabia,3,6483,346,368,376723,367691
2021-02-27,SA,Saudi Arabia,5,6488,338,320,377061,368011
2021-02-28,SA,Saudi Arabia,6,6494,322,294,377383,368305
2021-03-01,SA,Saudi Arabia,6,6500,317,335,377700,368640
2021-03-02,SA,Saudi Arabia,5,6505,302,286,378002,368926
2021-03-03,SA,Saudi Arabia,5,6510,331,351,378333,369277
2021-03-04,SA,Saudi Arabia,4,6514,375,336,378708,369613
2021-03-05,SA,Saudi Arabia,5,6519,384,309,379092,369922
2021-03-06,SA,Saudi Arabia,5,6524,382,378,379474,370300
2021-03-07,SA,Saudi Arabia,4,6528,357,314,379831,370614
2021-03-08,SA,Saudi Arabia,6,6534,351,418,380182,371032
2021-03-09,SA,Saudi Arabia,5,6539,390,306,380572,371338
2021-03-10,SA,Saudi Arabia,6,6545,386,245,380958,371583
2021-03-11,SA,Saudi Arabia,6,6551,390,267,381348,371850
2021-03-12,SA,Saudi Arabia,5,6556,360,367,381708,372217
2021-03-13,SA,Saudi Arabia,7,6563,351,239,382059,372456
2021-03-14,SA,Saudi Arabia,4,6567,348,247,382407,372703
2021-03-15,SA,Saudi Arabia,6,6573,345,223,382752,372926
2021-03-16,SA,Saudi Arabia,5,6578,354,204,383106,373130
2021-03-17,SA,Saudi Arabia,7,6585,393,231,383499,373361
2021-03-18,SA,Saudi Arabia,6,6591,381,240,383880,373601
2021-03-19,SA,Saudi Arabia,5,6596,391,263,384271,373864
2021-03-20,SA,Saudi Arabia,6,6602,382,271,384653,374135
2021-03-21,SA,Saudi Arabia,7,6609,367,277,385020,374412
2021-03-22,SA,Saudi Arabia,4,6613,404,387,385424,374799
2021-03-23,SA,Saudi Arabia,5,6618,410,366,385834,375165
2021-03-24,SA,Saudi Arabia,6,6624,466,306,386300,375471
2021-03-25,SA,Saudi Arabia,6,6630,482,360,386782,375831
2021-03-26,SA,Saudi Arabia,7,6637,510,372,387292,376203
2021-03-27,SA,Saudi Arabia,6,6643,502,355,387794,376558
2021-03-28,SA,Saudi Arabia,7,6650,531,389,388325,376947
2021-03-29,SA,Saudi Arabia,6,6656,541,357,388866,377304
2021-03-30,SA,Saudi Arabia,7,6663,556,410,389422,377714
2021-03-31,SA,Saudi Arabia,6,6669,585,369,390007,378083
2021-04-01,SA,Saudi Arabia,7,6676,590,386,390597,378469
2021-04-02,SA,Saudi Arabia,8,6684,728,404,391325,378873
2021-04-03,SA,Saudi Arabia,6,6690,684,439,392009,379312
2021-04-04,SA,Saudi Arabia,7,6697,673,504,392682,379816
2020-12-01,SK,Slovakia,29,868,1254,2818,107183,68859
2020-12-02,SK,Slovakia,30,898,2043,2879,109226,71738
2020-12-03,SK,Slovakia,32,930,1982,2535,111208,74273
2020-12-04,SK,Slovakia,27,957,2184,2869,113392,77142
2020-12-05,SK,Slovakia,24,981,2070,2814,115462,79956
2020-12-06,SK,Slovakia,15,996,1269,2710,116731,82666
2020-12-07,SK,Slovakia,22,1018,552,2184,117283,84850
2020-12-08,SK,Slovakia,28,1046,1949,2583,119232,87433
2020-12-09,SK,Slovakia,38,1084,2564,2336,121796,89769
2020-12-10,SK,Slovakia,20,1104,3125,1686,124921,91455
2020-12-11,SK,Slovakia,18,1122,2166,2078,127087,93533
2020-12-12,SK,Slovakia,26,1148,3707,1883,130794,95416
2020-12-13,SK,Slovakia,27,1175,2190,1652,132984,97068
2020-12-14,SK,Slovakia,30,1205,505,1517,133489,98585
2020-12-15,SK,Slovakia,46,1251,2034,1718,135523,100303
2020-12-16,SK,Slovakia,58,1309,3565,1281,139088,101584
2020-12-17,SK,Slovakia,69,1378,3045,1153,142133,102737
2020-12-18,SK,Slovakia,62,1440,3991,1823,146124,104560
2020-12-19,SK,Slovakia,70,1510,3151,1801,149275,106361
2020-12-20,SK,Slovakia,45,1555,2061,1467,151336,107828
2020-12-21,SK,Slovakia,63,1618,1219,1979,152555,109807
2020-12-22,SK,Slovakia,0,1618,2663,758,155218,110565
2020-12-23,SK,Slovakia,68,1686,3687,2062,158905,112627
2020-12-24,SK,Slovakia,46,1732,2657,1640,161562,114267
2020-12-25,SK,Slovakia,0,1732,4046,1396,165608,115663
2020-12-26,SK,Slovakia,0,1732,1041,1285,166649,116948
2020-12-27,SK,Slovakia,41,1773,874,2138,167523,119086
2020-12-28,SK,Slovakia,106,1879,569,1324,168092,120410
2020-12-29,SK,Slovakia,104,1983,2095,1350,170187,121760
2020-12-30,SK,Slovakia,82,2065,3041,2667,173228,124427
2020-12-31,SK,Slovakia,73,2138,6315,1544,179543,125971
2021-01-01,SK,Slovakia,112,2250,4965,1219,184508,127190
2021-01-02,SK,Slovakia,0,2250,1736,1095,186244,128285
2021-01-03,SK,Slovakia,67,2317,1219,1709,187463,129994
2021-01-04,SK,Slovakia,204,2521,636,903,188099,130897
2021-01-05,SK,Slovakia,82,2603,2989,1955,191088,132852
2021-01-06,SK,Slovakia,54,2657,4959,2908,196047,135760
2021-01-07,SK,Slovakia,60,2717,2137,2623,198184,138383
2021-01-08,SK,Slovakia,71,2788,2980,3107,201164,141490
2021-01-09,SK,Slovakia,48,2836,4072,3122,205236,144612
2021-01-10,SK,Slovakia,82,2918,2973,2663,208209,147275
2021-01-11,SK,Slovakia,89,3007,860,2964,209069,150239
2021-01-12,SK,Slovakia,95,3102,2410,3516,211479,153755
2021-01-13,SK,Slovakia,61,3163,3576,3273,215055,157028
2021-01-14,SK,Slovakia,97,3260,2923,3373,217978,160401
2021-01-15,SK,Slovakia,102,3362,2729,2922,220707,163323
2021-01-16,SK,Slovakia,55,3417,2045,3232,222752,166555
2021-01-17,SK,Slovakia,57,3474,573,2360,223325,168915
2021-01-18,SK,Slovakia,52,3526,1060,2177,224385,171092
2021-01-19,SK,Slovakia,111,3637,1909,2669,226294,173761
2021-01-20,SK,Slovakia,100,3737,2484,3103,228778,176864
2021-01-21,SK,Slovakia,64,3801,2464,4265,231242,181129
2021-01-22,SK,Slovakia,93,3894,1785,2813,233027,183942
2021-01-23,SK,Slovakia,71,3965,1544,2741,234571,186683
2021-01-24,SK,Slovakia,103,4068,1905,3276,236476,189959
2021-01-25,SK,Slovakia,0,4068,551,3421,237027,193380
2021-01-26,SK,Slovakia,192,4260,1590,3811,238617,197191
2021-01-27,SK,Slovakia,101,4361,2775,4957,241392,202148
2021-01-28,SK,Slovakia,50,4411,2035,3099,243427,205247
2021-01-29,SK,Slovakia,84,4495,2581,3159,246008,208406
2021-01-30,SK,Slovakia,70,4565,2182,3865,248190,212271
2021-01-31,SK,Slovakia,77,4642,1723,3781,249913,216052
2021-02-01,SK,Slovakia,69,4711,444,2871,250357,218923
2021-02-02,SK,Slovakia,73,4784,1737,3719,252094,222642
2021-02-03,SK,Slovakia,105,4889,2732,3829,254826,226471
2021-02-04,SK,Slovakia,87,4976,2077,3985,256903,230456
2021-02-05,SK,Slovakia,74,5050,2630,3915,259533,234371
2021-02-06,SK,Slovakia,85,5135,2241,3850,261774,238221
2021-02-07,SK,Slovakia,64,5199,1552,3465,263326,241686
2021-02-08,SK,Slovakia,72,5271,757,4016,264083,245702
2021-02-09,SK,Slovakia,111,5382,1724,2684,265807,248386
2021-02-10,SK,Slovakia,120,5502,3179,3232,268986,251618
2021-02-11,SK,Slovakia,127,5629,2487,1900,271473,253518
2021-02-12,SK,Slovakia,104,5733,2431,1782,273904,255300
2021-02-13,SK,Slovakia,79,5812,2330,0,276234,255300
2021-02-14,SK,Slovakia,73,5885,1448,0,277682,255300
2021-02-15,SK,Slovakia,67,5952,572,0,278254,255300
2021-02-16,SK,Slovakia,111,6063,1442,0,279696,255300
2021-02-17,SK,Slovakia,105,6168,3168,0,282864,255300
2021-02-18,SK,Slovakia,103,6271,2555,0,285419,255300
2021-02-19,SK,Slovakia,79,6350,2333,0,287752,255300
2021-02-20,SK,Slovakia,74,6424,2705,0,290457,255300
2021-02-21,SK,Slovakia,81,6505,1686,0,292143,255300
2021-02-22,SK,Slovakia,72,6577,649,0,292792,255300
2021-02-23,SK,Slovakia,94,6671,1998,0,294790,255300
2021-02-24,SK,Slovakia,104,6775,3547,0,298337,255300
2021-02-25,SK,Slovakia,84,6859,2438,0,300775,255300
2021-02-26,SK,Slovakia,107,6966,2645,0,303420,255300
2021-02-27,SK,Slovakia,109,7075,2848,0,306268,255300
2021-02-28,SK,Slovakia,114,7189,1815,0,308083,255300
2021-03-01,SK,Slovakia,81,7270,842,0,308925,255300
2021-03-02,SK,Slovakia,118,7388,2077,0,311002,255300
2021-03-03,SK,Slovakia,101,7489,3357,0,314359,255300
2021-03-04,SK,Slovakia,71,7560,2800,0,317159,255300
2021-03-05,SK,Slovakia,105,7665,2423,0,319582,255300
2021-03-06,SK,Slovakia,74,7739,2522,0,322104,255300
2021-03-07,SK,Slovakia,97,7836,1286,0,323390,255300
2021-03-08,SK,Slovakia,85,7921,396,0,323786,255300
2021-03-09,SK,Slovakia,116,8037,2207,0,325993,255300
2021-03-10,SK,Slovakia,109,8146,3600,0,329593,255300
2021-03-11,SK,Slovakia,98,8244,1978,0,331571,255300
2021-03-12,SK,Slovakia,102,8346,2301,0,333872,255300
2021-03-13,SK,Slovakia,94,8440,2363,0,336235,255300
2021-03-14,SK,Slovakia,88,8528,1268,0,337503,255300
2021-03-15,SK,Slovakia,77,8605,457,0,337960,255300
2021-03-16,SK,Slovakia,64,8669,1578,0,339538,255300
2021-03-17,SK,Slovakia,69,8738,2892,0,342430,255300
2021-03-18,SK,Slovakia,76,8814,2040,0,344470,255300
2021-03-19,SK,Slovakia,80,8894,1679,0,346149,255300
2021-03-20,SK,Slovakia,84,8978,1795,0,347944,255300
2021-03-21,SK,Slovakia,66,9044,925,0,348869,255300
2021-03-22,SK,Slovakia,60,9104,401,0,349270,255300
2021-03-23,SK,Slovakia,86,9190,1281,0,350551,255300
2021-03-24,SK,Slovakia,71,9261,1977,0,352528,255300
2021-03-25,SK,Slovakia,52,9313,1654,0,354182,255300
2021-03-26,SK,Slovakia,60,9373,1272,0,355454,255300
2021-03-27,SK,Slovakia,53,9426,1531,0,356985,255300
2021-03-28,SK,Slovakia,70,9496,925,0,357910,255300
2021-03-29,SK,Slovakia,46,9542,205,0,358115,255300
2021-03-30,SK,Slovakia,82,9624,1215,0,359330,255300
2021-03-31,SK,Slovakia,95,9719,1855,0,361185,255300
2021-04-01,SK,Slovakia,71,9790,1304,0,362489,255300
2021-04-02,SK,Slovakia,87,9877,1385,0,363874,255300
2021-04-03,SK,Slovakia,71,9948,748,0,364622,255300
2021-04-04,SK,Slovakia,77,10025,620,0,365242,255300
2020-12-01,TR,Turkey,190,13936,30110,4593,668957,409320
2020-12-02,TR,Turkey,193,14129,31923,4821,700880,414141
2020-12-03,TR,Turkey,187,14316,32381,4190,733261,418331
2020-12-04,TR,Turkey,193,14509,32736,4811,765997,423142
2020-12-05,TR,Turkey,196,14705,31896,4100,797893,427242
2020-12-06,TR,Turkey,195,14900,30402,4011,828295,431253
2020-12-07,TR,Turkey,203,15103,32137,5017,860432,436270
2020-12-08,TR,Turkey,211,15314,33198,5245,893630,441515
2020-12-09,TR,Turkey,217,15531,31712,5846,925342,447361
2020-12-10,TR,Turkey,220,15751,823225,5232,1748567,452593
2020-12-11,TR,Turkey,226,15977,32106,5516,1780673,458109
2020-12-12,TR,Turkey,222,16199,29136,1123456,1809809,1581565
2020-12-13,TR,Turkey,218,16417,26919,22215,1836728,1603780
2020-12-14,TR,Turkey,229,16646,29617,28164,1866345,1631944
2020-12-15,TR,Turkey,235,16881,32102,29247,1898447,1661191
2020-12-16,TR,Turkey,240,17121,29718,29922,1928165,1691113
2020-12-17,TR,Turkey,243,17364,27515,30494,1955680,1721607
2020-12-18,TR,Turkey,246,17610,26410,31945,1982090,1753552
2020-12-19,TR,Turkey,241,17851,22195,25516,2004285,1779068
2020-12-20,TR,Turkey,246,18097,20316,21218,2024601,1800286
2020-12-21,TR,Turkey,254,18351,19103,34419,2043704,1834705
2020-12-22,TR,Turkey,251,18602,19256,32110,2062960,1866815
2020-12-23,TR,Turkey,259,18861,19650,34492,2082610,1901307
2020-12-24,TR,Turkey,254,19115,18102,33985,2100712,1935292
2020-12-25,TR,Turkey,256,19371,17543,35511,2118255,1970803
2020-12-26,TR,Turkey,253,19624,15118,23231,2133373,1994034
2020-12-27,TR,Turkey,254,19878,14205,21196,2147578,2015230
2020-12-28,TR,Turkey,257,20135,15197,22203,2162775,2037433
2020-12-29,TR,Turkey,253,20388,15805,21004,2178580,2058437
2020-12-30,TR,Turkey,254,20642,15692,20192,2194272,2078629
2020-12-31,TR,Turkey,239,20881,14380,22021,2208652,2100650
2021-01-01,TR,Turkey,212,21093,12203,14110,2220855,2114760
2021-01-02,TR,Turkey,202,21295,11180,11672,2232035,2126432
2021-01-03,TR,Turkey,193,21488,9877,10102,2241912,2136534
2021-01-04,TR,Turkey,197,21685,13695,9896,2255607,2146430
2021-01-05,TR,Turkey,194,21879,14494,8908,2270101,2155338
2021-01-06,TR,Turkey,191,22070,13830,8702,2283931,2164040
2021-01-07,TR,Turkey,194,22264,12171,8211,2296102,2172251
2021-01-08,TR,Turkey,186,22450,11479,9894,2307581,2182145
2021-01-09,TR,Turkey,181,22631,9537,7902,2317118,2190047
2021-01-10,TR,Turkey,176,22807,9138,8103,2326256,2198150
2021-01-11,TR,Turkey,174,22981,10220,10301,2336476,2208451
2021-01-12,TR,Turkey,171,23152,9809,10013,2346285,2218464
2021-01-13,TR,Turkey,173,23325,9554,9463,2355839,2227927
2021-01-14,TR,Turkey,170,23495,8962,9011,2364801,2236938
2021-01-15,TR,Turkey,169,23664,8314,9109,2373115,2246047
2021-01-16,TR,Turkey,168,23832,7550,8005,2380665,2254052
2021-01-17,TR,Turkey,165,23997,6436,8812,2387101,2262864
2021-01-18,TR,Turkey,164,24161,5862,7905,2392963,2270769
2021-01-19,TR,Turkey,167,24328,6818,7218,2399781,2277987
2021-01-20,TR,Turkey,159,24487,6435,5932,2406216,2283919
2021-01-21,TR,Turkey,153,24640,6289,6113,2412505,2290032
2021-01-22,TR,Turkey,149,24789,5967,6018,2418472,2296050
2021-01-23,TR,Turkey,144,24933,5856,5811,2424328,2301861
2021-01-24,TR,Turkey,140,25073,5277,5860,2429605,2307721
2021-01-25,TR,Turkey,137,25210,5642,6682,2435247,2314403
2021-01-26,TR,Turkey,134,25344,7103,8108,2442350,2322511
2021-01-27,TR,Turkey,132,25476,7489,8803,2449839,2331314
2021-01-28,TR,Turkey,129,25605,7279,8902,2457118,2340216
2021-01-29,TR,Turkey,131,25736,6912,8093,2464030,2348309
2021-01-30,TR,Turkey,129,25865,6871,7100,2470901,2355409
2021-01-31,TR,Turkey,128,25993,6562,7006,2477463,2362415
2021-02-01,TR,Turkey,124,26117,7719,8016,2485182,2370431
2021-02-02,TR,Turkey,120,26237,7795,8639,2492977,2379070
2021-02-03,TR,Turkey,117,26354,8102,8314,2501079,2387384
2021-02-04,TR,Turkey,113,26467,7909,8815,2508988,2396199
2021-02-05,TR,Turkey,110,26577,7901,8217,2516889,2404416
2021-02-06,TR,Turkey,108,26685,7897,8089,2524786,2412505
2021-02-07,TR,Turkey,112,26797,6670,8201,2531456,2420706
2021-02-08,TR,Turkey,103,26900,8103,8567,2539559,2429273
2021-02-09,TR,Turkey,98,26998,8636,8109,2548195,2437382
2021-02-10,TR,Turkey,95,27093,8642,7903,2556837,2445285
2021-02-11,TR,Turkey,94,27187,7590,7811,2564427,2453096
2021-02-12,TR,Turkey,97,27284,7763,8108,2572190,2461204
2021-02-13,TR,Turkey,93,27377,7706,7215,2579896,2468419
2021-02-14,TR,Turkey,94,27471,6287,6910,2586183,2475329
2021-02-15,TR,Turkey,91,27562,7945,7106,2594128,2482435
2021-02-16,TR,Turkey,90,27652,7906,7189,2602034,2489624
2021-02-17,TR,Turkey,86,27738,7325,7209,2609359,2496833
2021-02-18,TR,Turkey,83,27821,7241,7217,2616600,2504050
2021-02-19,TR,Turkey,82,27903,7419,7498,2624019,2511548
2021-02-20,TR,Turkey,80,27983,7857,7210,2631876,2518758
2021-02-21,TR,Turkey,77,28060,6546,5002,2638422,2523760
2021-02-22,TR,Turkey,78,28138,8104,5690,2646526,2529450
2021-02-23,TR,Turkey,75,28213,9107,5546,2655633,2534996
2021-02-24,TR,Turkey,72,28285,9561,5297,2665194,2540293
2021-02-25,TR,Turkey,73,28358,9572,6210,2674766,2546503
2021-02-26,TR,Turkey,74,28432,9205,10282,2683971,2556785
2021-02-27,TR,Turkey,71,28503,9193,8938,2693164,2565723
2021-02-28,TR,Turkey,66,28569,8424,6511,2701588,2572234
2021-03-01,TR,Turkey,69,28638,9891,5947,2711479,2578181
2021-03-02,TR,Turkey,68,28706,11837,7892,2723316,2586073
2021-03-03,TR,Turkey,65,28771,11520,7191,2734836,2593264
2021-03-04,TR,Turkey,68,28839,11322,7873,2746158,2601137
2021-03-05,TR,Turkey,62,28901,11302,7711,2757460,2608848
2021-03-06,TR,Turkey,64,28965,11770,7291,2769230,2616139
2021-03-07,TR,Turkey,65,29030,11187,7785,2780417,2623924
2021-03-08,TR,Turkey,64,29094,13215,8106,2793632,2632030
2021-03-09,TR,Turkey,66,29160,13755,8639,2807387,2640669
2021-03-10,TR,Turkey,67,29227,14556,9193,2821943,2649862
2021-03-11,TR,Turkey,63,29290,14046,9231,2835989,2659093
2021-03-12,TR,Turkey,66,29356,14941,11180,2850930,2670273
2021-03-13,TR,Turkey,65,29421,15082,15287,2866012,2685560
2021-03-14,TR,Turkey,68,29489,13378,15516,2879390,2701076
2021-03-15,TR,Turkey,63,29552,15503,15893,2894893,2716969
2021-03-16,TR,Turkey,71,29623,16749,17893,2911642,2734862
2021-03-17,TR,Turkey,73,29696,18912,17161,2930554,2752023
2021-03-18,TR,Turkey,81,29777,20049,18615,2950603,2770638
2021-03-19,TR,Turkey,87,29864,21030,18119,2971633,2788757
2021-03-20,TR,Turkey,95,29959,21061,18815,2992694,2807572
2021-03-21,TR,Turkey,102,30061,20428,17615,3013122,2825187
2021-03-22,TR,Turkey,117,30178,22216,19494,3035338,2844681
2021-03-23,TR,Turkey,138,30316,26182,19201,3061520,2863882
2021-03-24,TR,Turkey,146,30462,29762,17761,3091282,2881643
2021-03-25,TR,Turkey,157,30619,28731,19186,3120013,2900829
2021-03-26,TR,Turkey,153,30772,29081,20208,3149094,2921037
2021-03-27,TR,Turkey,151,30923,30021,18892,3179115,2939929
2021-03-28,TR,Turkey,153,31076,29058,17164,3208173,2957093
2021-03-29,TR,Turkey,154,31230,32404,18015,3240577,2975108
2021-03-30,TR,Turkey,155,31385,37303,19925,3277880,2995033
2021-03-31,TR,Turkey,152,31537,39302,19193,3317182,3014226
2021-04-01,TR,Turkey,176,31713,40806,20817,3357988,3035043
2021-04-02,TR,Turkey,179,31892,42308,24419,3400296,3059462
2021-04-03,TR,Turkey,186,32078,44756,23214,3445052,3082676
2021-04-04,TR,Turkey,185,32263,41998,22674,3487050,3105350
2020-12-01,MX,Mexico,825,106765,8819,6231,1122362,829817
2020-12-02,MX,Mexico,800,107565,11251,6750,1133613,836567
2020-12-03,MX,Mexico,608,108173,11030,6664,1144643,843231
2020-12-04,MX,Mexico,690,108863,12127,9488,1156770,852719
2020-12-05,MX,Mexico,593,109456,11625,6924,1168395,859643
2020-12-06,MX,Mexico,261,109717,7455,6543,1175850,866186
2020-12-07,MX,Mexico,357,110074,6399,7369,1182249,873555
2020-12-08,MX,Mexico,800,110874,11006,7495,1193255,881050
2020-12-09,MX,Mexico,781,111655,11974,8118,1205229,889168
2020-12-10,MX,Mexico,671,112326,11897,6962,1217126,896130
2020-12-11,MX,Mexico,693,113019,12253,7912,1229379,904042
2020-12-12,MX,Mexico,685,113704,12057,7923,1241436,911965
2020-12-13,MX,Mexico,249,113953,8608,6716,1250044,918681
2020-12-14,MX,Mexico,345,114298,5930,9073,1255974,927754
2020-12-15,MX,Mexico,801,115099,11228,10335,1267202,938089
2020-12-16,MX,Mexico,670,115769,10297,7584,1277499,945673
2020-12-17,MX,Mexico,718,116487,11799,8089,1289298,953762
2020-12-18,MX,Mexico,762,117249,12248,8635,1301546,962397
2020-12-19,MX,Mexico,627,117876,12129,8718,1313675,971115
2020-12-20,MX,Mexico,326,118202,6870,6887,1320545,978002
2020-12-21,MX,Mexico,396,118598,5370,9326,1325915,987328
2020-12-22,MX,Mexico,897,119495,12511,8974,1338426,996302
2020-12-23,MX,Mexico,816,120311,11653,8946,1350079,1005248
2020-12-24,MX,Mexico,861,121172,12485,10008,1362564,1015256
2020-12-25,MX,Mexico,665,121837,9679,8660,1372243,1023916
2020-12-26,MX,Mexico,189,122026,4974,7948,1377217,1031864
2020-12-27,MX,Mexico,400,122426,6217,6902,1383434,1038766
2020-12-28,MX,Mexico,429,122855,5996,9773,1389430,1048539
2020-12-29,MX,Mexico,990,123845,12099,9890,1401529,1058429
2020-12-30,MX,Mexico,1052,124897,12406,8342,1413935,1066771
2020-12-31,MX,Mexico,910,125807,12159,8024,1426094,1074795
2021-01-01,MX,Mexico,700,126507,11091,8973,1437185,1083768
2021-01-02,MX,Mexico,344,126851,6359,7137,1443544,1090905
2021-01-03,MX,Mexico,362,127213,5211,7526,1448755,1098431
2021-01-04,MX,Mexico,544,127757,6464,7403,1455219,1105834
2021-01-05,MX,Mexico,1065,128822,11271,7303,1466490,1113137
2021-01-06,MX,Mexico,1165,129987,13345,6831,1479835,1119968
2021-01-07,MX,Mexico,1044,131031,13734,7503,1493569,1127471
2021-01-08,MX,Mexico,1038,132069,14362,7406,1507931,1134877
2021-01-09,MX,Mexico,1135,133204,16105,8377,1524036,1143254
2021-01-10,MX,Mexico,502,133706,10003,7168,1534039,1150422
2021-01-11,MX,Mexico,662,134368,7594,9951,1541633,1160373
2021-01-12,MX,Mexico,1314,135682,14395,7981,1556028,1168354
2021-01-13,MX,Mexico,1235,136917,15873,8304,1571901,1176658
2021-01-14,MX,Mexico,999,137916,16468,8963,1588369,1185621
2021-01-15,MX,Mexico,1106,139022,21366,14189,1609735,1199810
2021-01-16,MX,Mexico,1219,140241,20523,12593,1630258,1212403
2021-01-17,MX,Mexico,463,140704,11170,10705,1641428,1223108
2021-01-18,MX,Mexico,544,141248,8074,14213,1649502,1237321
2021-01-19,MX,Mexico,1584,142832,18894,14461,1668396,1251782
2021-01-20,MX,Mexico,1539,144371,20548,12998,1688944,1264780
2021-01-21,MX,Mexico,1803,146174,22339,0,1711283,1264780
2021-01-22,MX,Mexico,1440,147614,21007,27160,1732290,1291940
2021-01-23,MX,Mexico,1470,149084,20057,14198,1752347,1306138
2021-01-24,MX,Mexico,530,149614,10872,14310,1763219,1320448
2021-01-25,MX,Mexico,659,150273,8521,15428,1771740,1335876
2021-01-26,MX,Mexico,1743,152016,17165,12784,1788905,1348660
2021-01-27,MX,Mexico,1623,153639,17944,13865,1806849,1362525
2021-01-28,MX,Mexico,1506,155145,18670,13548,1825519,1376073
2021-01-29,MX,Mexico,1434,156579,16374,14833,1841893,1390906
2021-01-30,MX,Mexico,1495,158074,15337,12158,1857230,1403064
2021-01-31,MX,Mexico,462,158536,7030,9329,1864260,1412393
2021-02-01,MX,Mexico,564,159100,5448,13355,1869708,1425748
2021-02-02,MX,Mexico,433,159533,4384,10734,1874092,1436482
2021-02-03,MX,Mexico,1707,161240,12153,13755,1886245,1450237
2021-02-04,MX,Mexico,0,161240,0,0,1886245,1450237
2021-02-05,MX,Mexico,3050,164290,26626,21914,1912871,1472151
2021-02-06,MX,Mexico,1496,165786,13209,9987,1926080,1482138
2021-02-07,MX,Mexico,414,166200,6065,7939,1932145,1490077
2021-02-08,MX,Mexico,531,166731,3868,11503,1936013,1501580
2021-02-09,MX,Mexico,1701,168432,10738,9619,1946751,1511199
2021-02-10,MX,Mexico,1328,169760,11138,8373,1957889,1519572
2021-02-11,MX,Mexico,1474,171234,10677,8732,1968566,1528304
2021-02-12,MX,Mexico,1323,172557,10388,7482,1978954,1535786
2021-02-13,MX,Mexico,1214,173771,9741,7205,1988695,1542991
2021-02-14,MX,Mexico,436,174207,4099,5183,1992794,1548174
2021-02-15,MX,Mexico,450,174657,3098,7749,1995892,1555923
2021-02-16,MX,Mexico,1329,175986,8683,8069,2004575,1563992
2021-02-17,MX,Mexico,1075,177061,8988,7079,2013563,1571071
2021-02-18,MX,Mexico,1047,178108,9099,6767,2022662,1577838
2021-02-19,MX,Mexico,857,178965,7829,6866,2030491,1584704
2021-02-20,MX,Mexico,832,179797,7785,5992,2038276,1590696
2021-02-21,MX,Mexico,310,180107,3104,4624,2041380,1595320
2021-02-22,MX,Mexico,429,180536,2252,6704,2043632,1602024
2021-02-23,MX,Mexico,1273,181809,8634,5845,2052266,1607869
2021-02-24,MX,Mexico,1006,182815,8642,6745,2060908,1614614
2021-02-25,MX,Mexico,877,183692,8462,5394,2069370,1620008
2021-02-26,MX,Mexico,782,184474,7512,5320,2076882,1625328
2021-02-27,MX,Mexico,783,185257,7246,4674,2084128,1630002
2021-02-28,MX,Mexico,458,185715,2810,3898,2086938,1633900
2021-03-01,MX,Mexico,437,186152,2343,6043,2089281,1639943
2021-03-02,MX,Mexico,1035,187187,7913,5369,2097194,1645312
2021-03-03,MX,Mexico,857,188044,7793,4918,2104987,1650230
2021-03-04,MX,Mexico,822,188866,7521,5319,2112508,1655549
2021-03-05,MX,Mexico,712,189578,6797,5237,2119305,1660786
2021-03-06,MX,Mexico,779,190357,6561,5872,2125866,1666658
2021-03-07,MX,Mexico,247,190604,2734,3773,2128600,1670431
2021-03-08,MX,Mexico,319,190923,1877,5565,2130477,1675996
2021-03-09,MX,Mexico,866,191789,7407,5340,2137884,1681336
2021-03-10,MX,Mexico,702,192491,6602,4660,2144486,1685996
2021-03-11,MX,Mexico,661,193152,6469,5097,2150955,1691093
2021-03-12,MX,Mexico,699,193851,6816,5646,2157771,1696739
2021-03-13,MX,Mexico,639,194490,6104,4477,2163875,1701216
2021-03-14,MX,Mexico,220,194710,2415,4527,2166290,1705743
2021-03-15,MX,Mexico,234,194944,1439,6188,2167729,1711931
2021-03-16,MX,Mexico,175,195119,1278,4204,2169007,1716135
2021-03-17,MX,Mexico,789,195908,6455,4295,2175462,1720430
2021-03-18,MX,Mexico,698,196606,6726,4364,2182188,1724794
2021-03-19,MX,Mexico,613,197219,5722,4475,2187910,1729269
2021-03-20,MX,Mexico,608,197827,5729,3820,2193639,1733089
2021-03-21,MX,Mexico,209,198036,2133,3070,2195772,1736159
2021-03-22,MX,Mexico,203,198239,1388,4095,2197160,1740254
2021-03-23,MX,Mexico,809,199048,5881,4008,2203041,1744262
2021-03-24,MX,Mexico,579,199627,5714,4055,2208755,1748317
2021-03-25,MX,Mexico,584,200211,5787,3808,2214542,1752125
2021-03-26,MX,Mexico,651,200862,5303,3673,2219845,1755798
2021-03-27,MX,Mexico,567,201429,5059,3325,2224904,1759123
2021-03-28,MX,Mexico,194,201623,1646,2663,2226550,1761786
2021-03-29,MX,Mexico,209,201832,1293,3458,2227843,1765244
2021-03-30,MX,Mexico,801,202633,5067,0,2232910,1765244
2021-03-31,MX,Mexico,577,203210,5977,0,2238887,1765244
2021-04-01,MX,Mexico,454,203664,5381,0,2244268,1765244
2021-04-02,MX,Mexico,190,203854,3089,0,2247357,1765244
2021-04-03,MX,Mexico,157,204011,1838,0,2249195,1765244
2021-04-04,MX,Mexico,136,204147,1263,0,2250458,1765244
2020-12-01,QA,Qatar,1,238,168,216,139001,136306
2020-12-02,QA,Qatar,1,239,255,207,139256,136513
2020-12-03,QA,Qatar,0,239,221,228,139477,136741
2020-12-04,QA,Qatar,0,239,166,131,139643,136872
2020-12-05,QA,Qatar,0,239,140,188,139783,137060
2020-12-06,QA,Qatar,0,239,125,216,139908,137276
2020-12-07,QA,Qatar,0,239,178,218,140086,137494
2020-12-08,QA,Qatar,0,239,117,214,140203,137708
2020-12-09,QA,Qatar,1,240,150,173,140353,137881
2020-12-10,QA,Qatar,0,240,163,152,140516,138033
2020-12-11,QA,Qatar,0,240,164,161,140680,138194
2020-12-12,QA,Qatar,0,240,147,153,140827,138347
2020-12-13,QA,Qatar,0,240,134,143,140961,138490
2020-12-14,QA,Qatar,1,241,160,229,141121,138719
2020-12-15,QA,Qatar,0,241,151,200,141272,138919
2020-12-16,QA,Qatar,1,242,145,123,141417,139042
2020-12-17,QA,Qatar,0,242,140,201,141557,139243
2020-12-18,QA,Qatar,0,242,159,141,141716,139384
2020-12-19,QA,Qatar,1,243,142,137,141858,139521
2020-12-20,QA,Qatar,0,243,143,203,142001,139724
2020-12-21,QA,Qatar,0,243,158,203,142159,139927
2020-12-22,QA,Qatar,0,243,149,202,142308,140129
2020-12-23,QA,Qatar,0,243,140,135,142448,140264
2020-12-24,QA,Qatar,0,243,157,140,142605,140404
2020-12-25,QA,Qatar,1,244,129,138,142734,140542
2020-12-26,QA,Qatar,0,244,169,145,142903,140687
2020-12-27,QA,Qatar,0,244,159,179,143062,140866
2020-12-28,QA,Qatar,0,244,160,149,143222,141015
2020-12-29,QA,Qatar,1,245,206,132,143428,141147
2020-12-30,QA,Qatar,0,245,193,153,143621,141300
2020-12-31,QA,Qatar,0,245,213,122,143834,141422
2021-01-01,QA,Qatar,0,245,208,134,144042,141556
2021-01-02,QA,Qatar,0,245,198,124,144240,141680
2021-01-03,QA,Qatar,0,245,197,128,144437,141808
2021-01-04,QA,Qatar,0,245,207,117,144644,141925
2021-01-05,QA,Qatar,0,245,208,131,144852,142056
2021-01-06,QA,Qatar,0,245,209,126,145061,142182
2021-01-07,QA,Qatar,0,245,210,132,145271,142314
2021-01-08,QA,Qatar,1,246,195,139,145466,142453
2021-01-09,QA,Qatar,0,246,206,119,145672,142572
2021-01-10,QA,Qatar,0,246,193,123,145865,142695
2021-01-11,QA,Qatar,0,246,203,132,146068,142827
2021-01-12,QA,Qatar,0,246,211,111,146279,142938
2021-01-13,QA,Qatar,0,246,201,156,146480,143094
2021-01-14,QA,Qatar,0,246,209,167,146689,143261
2021-01-15,QA,Qatar,0,246,196,174,146885,143435
2021-01-16,QA,Qatar,0,246,204,177,147089,143612
2021-01-17,QA,Qatar,0,246,188,246,147277,143858
2021-01-18,QA,Qatar,2,248,227,157,147504,144015
2021-01-19,QA,Qatar,0,248,225,203,147729,144218
2021-01-20,QA,Qatar,0,248,271,132,148000,144350
2021-01-21,QA,Qatar,0,248,258,128,148258,144478
2021-01-22,QA,Qatar,0,248,263,141,148521,144619
2021-01-23,QA,Qatar,0,248,251,121,148772,144740
2021-01-24,QA,Qatar,0,248,247,118,149019,144858
2021-01-25,QA,Qatar,0,248,277,123,149296,144981
2021-01-26,QA,Qatar,0,248,299,143,149595,145124
2021-01-27,QA,Qatar,0,248,338,127,149933,145251
2021-01-28,QA,Qatar,0,248,347,163,150280,145414
2021-01-29,QA,Qatar,0,248,341,142,150621,145556
2021-01-30,QA,Qatar,0,248,363,112,150984,145668
2021-01-31,QA,Qatar,0,248,351,138,151335,145806
2021-02-01,QA,Qatar,1,249,385,147,151720,145953
2021-02-02,QA,Qatar,0,249,375,158,152095,146111
2021-02-03,QA,Qatar,0,249,396,191,152491,146302
2021-02-04,QA,Qatar,0,249,407,172,152898,146474
2021-02-05,QA,Qatar,1,250,398,153,153296,146627
2021-02-06,QA,Qatar,0,250,394,132,153690,146759
2021-02-07,QA,Qatar,0,250,408,151,154098,146910
2021-02-08,QA,Qatar,1,251,427,123,154525,147033
2021-02-09,QA,Qatar,2,253,477,158,155002,147191
2021-02-10,QA,Qatar,0,253,451,260,155453,147451
2021-02-11,QA,Qatar,1,254,448,276,155901,147727
2021-02-12,QA,Qatar,0,254,450,212,156351,147939
2021-02-13,QA,Qatar,1,255,453,198,156804,148137
2021-02-14,QA,Qatar,0,255,440,177,157244,148314
2021-02-15,QA,Qatar,0,255,888,363,158132,148677
2021-02-16,QA,Qatar,1,256,6,0,158138,148638
2021-02-17,QA,Qatar,0,256,453,128,158591,148766
2021-02-18,QA,Qatar,0,256,462,265,159053,149031
2021-02-19,QA,Qatar,0,256,465,289,159518,149320
2021-02-20,QA,Qatar,0,256,449,420,159967,149740
2021-02-21,QA,Qatar,0,256,459,480,160426,150220
2021-02-22,QA,Qatar,1,257,463,495,160889,150715
2021-02-23,QA,Qatar,0,257,455,510,161344,151225
2021-02-24,QA,Qatar,0,257,459,562,161803,151787
2021-02-25,QA,Qatar,0,257,465,540,162268,152327
2021-02-26,QA,Qatar,0,257,469,480,162737,152807
2021-02-27,QA,Qatar,0,257,460,412,163197,153219
2021-02-28,QA,Qatar,1,258,467,402,163664,153621
2021-03-01,QA,Qatar,1,259,473,440,164137,154061
2021-03-02,QA,Qatar,0,259,463,359,164600,154420
2021-03-03,QA,Qatar,1,260,471,332,165071,154752
2021-03-04,QA,Qatar,0,260,475,318,165546,155070
2021-03-05,QA,Qatar,1,261,469,337,166015,155407
2021-03-06,QA,Qatar,1,262,460,293,166475,155700
2021-03-07,QA,Qatar,0,262,474,301,166949,156001
2021-03-08,QA,Qatar,1,263,468,298,167417,156299
2021-03-09,QA,Qatar,1,264,471,313,167888,156612
2021-03-10,QA,Qatar,0,264,473,307,168361,156919
2021-03-11,QA,Qatar,0,264,468,323,168829,157242
2021-03-12,QA,Qatar,1,265,455,335,169284,157577
2021-03-13,QA,Qatar,0,265,483,299,169767,157876
2021-03-14,QA,Qatar,1,266,485,321,170252,158197
2021-03-15,QA,Qatar,1,267,481,311,170733,158508
2021-03-16,QA,Qatar,1,268,479,345,171212,158853
2021-03-17,QA,Qatar,2,270,489,288,171701,159141
2021-03-18,QA,Qatar,0,270,499,331,172200,159472
2021-03-19,QA,Qatar,1,271,497,315,172697,159787
2021-03-20,QA,Qatar,1,272,509,328,173206,160115
2021-03-21,QA,Qatar,1,273,503,336,173709,160451
2021-03-22,QA,Qatar,1,274,519,311,174228,160762
2021-03-23,QA,Qatar,1,275,534,349,174762,161111
2021-03-24,QA,Qatar,3,278,570,377,175332,161488
2021-03-25,QA,Qatar,3,281,587,327,175919,161815
2021-03-26,QA,Qatar,1,282,602,358,176521,162173
2021-03-27,QA,Qatar,2,284,614,382,177135,162555
2021-03-28,QA,Qatar,0,284,639,355,177774,162910
2021-03-29,QA,Qatar,2,286,690,362,178464,163272
2021-03-30,QA,Qatar,3,289,720,412,179184,163684
2021-03-31,QA,Qatar,2,291,780,437,179964,164121
2021-04-01,QA,Qatar,4,295,840,423,180804,164544
2021-04-02,QA,Qatar,3,298,874,459,181678,165003
2021-04-03,QA,Qatar,3,301,870,468,182548,165471
2021-04-04,QA,Qatar,2,303,876,481,183424,165952
2020-12-01,RO,Romania,199,11530,4272,7746,479634,360934
2020-12-02,RO,Romania,135,11665,4916,10297,484550,371231
2020-12-03,RO,Romania,211,11876,7661,9770,492211,381001
2020-12-04,RO,Romania,176,12052,8062,9211,500273,390212
2020-12-05,RO,Romania,134,12186,8072,8995,508345,399207
2020-12-06,RO,Romania,134,12320,5231,6405,513576,405612
2020-12-07,RO,Romania,127,12447,3660,3509,517236,409121
2020-12-08,RO,Romania,213,12660,7439,7676,524675,416797
2020-12-09,RO,Romania,161,12821,7365,9019,532040,425816
2020-12-10,RO,Romania,127,12948,7067,8863,539107,434679
2020-12-11,RO,Romania,168,13116,6460,8489,545567,443168
2020-12-12,RO,Romania,148,13264,6333,8309,551900,451477
2020-12-13,RO,Romania,121,13385,4435,5883,556335,457360
2020-12-14,RO,Romania,109,13494,3252,3420,559587,460780
2020-12-15,RO,Romania,204,13698,6171,4270,565758,465050
2020-12-16,RO,Romania,164,13862,5991,4449,571749,469499
2020-12-17,RO,Romania,107,13969,5697,7640,577446,477139
2020-12-18,RO,Romania,188,14157,5340,7809,582786,484948
2020-12-19,RO,Romania,139,14296,5158,8431,587944,493379
2020-12-20,RO,Romania,98,14394,3350,5398,591294,498777
2020-12-21,RO,Romania,87,14481,2489,3119,593783,501896
2020-12-22,RO,Romania,155,14636,5009,7083,598792,508979
2020-12-23,RO,Romania,130,14766,5459,7444,604251,516423
2020-12-24,RO,Romania,146,14912,4310,7406,608561,523829
2020-12-25,RO,Romania,111,15023,3812,6479,612373,530308
2020-12-26,RO,Romania,85,15108,1387,6024,613760,536332
2020-12-27,RO,Romania,122,15230,2049,4105,615809,540437
2020-12-28,RO,Romania,104,15334,2620,2904,618429,543341
2020-12-29,RO,Romania,135,15469,4637,5921,623066,549262
2020-12-30,RO,Romania,127,15596,4875,4794,627941,554056
2020-12-31,RO,Romania,171,15767,4322,6737,632263,560793
2021-01-01,RO,Romania,74,15841,3938,5572,636201,566365
2021-01-02,RO,Romania,78,15919,1194,4968,637395,571333
2021-01-03,RO,Romania,60,15979,3034,3564,640429,574897
2021-01-04,RO,Romania,78,16057,3130,2301,643559,577198
2021-01-05,RO,Romania,121,16178,4729,4658,648288,581856
2021-01-06,RO,Romania,121,16299,5719,4908,654007,586764
2021-01-07,RO,Romania,111,16410,4951,4832,658958,591596
2021-01-08,RO,Romania,96,16506,4841,3411,663799,595007
2021-01-09,RO,Romania,86,16592,4403,1508,668202,596515
2021-01-10,RO,Romania,62,16654,3082,2095,671284,598610
2021-01-11,RO,Romania,71,16725,1987,2100,673271,600710
2021-01-12,RO,Romania,156,16881,3697,4335,676968,605045
2021-01-13,RO,Romania,88,16969,4424,5077,681392,610122
2021-01-14,RO,Romania,66,17035,3525,4423,684917,614545
2021-01-15,RO,Romania,63,17098,3353,4128,688270,618673
2021-01-16,RO,Romania,66,17164,3218,1385,691488,620058
2021-01-17,RO,Romania,57,17221,2156,2356,693644,622414
2021-01-18,RO,Romania,50,17271,1509,3035,695153,625449
2021-01-19,RO,Romania,98,17369,2745,4787,697898,630236
2021-01-20,RO,Romania,116,17485,3000,5635,700898,635871
2021-01-21,RO,Romania,69,17554,2878,5417,703776,641288
2021-01-22,RO,Romania,74,17628,2699,4635,706475,645923
2021-01-23,RO,Romania,94,17722,2719,4266,709194,650189
2021-01-24,RO,Romania,54,17776,1816,2936,711010,653125
2021-01-25,RO,Romania,65,17841,1551,1750,712561,654875
2021-01-26,RO,Romania,97,17938,2877,3720,715438,658595
2021-01-27,RO,Romania,77,18015,3174,3805,718612,662400
2021-01-28,RO,Romania,90,18105,2901,3601,721513,666001
2021-01-29,RO,Romania,91,18196,2737,3174,724250,669175
2021-01-30,RO,Romania,68,18264,2668,3357,726918,672532
2021-01-31,RO,Romania,71,18335,1825,2062,728743,674594
2021-02-01,RO,Romania,67,18402,1313,1173,730056,675767
2021-02-02,RO,Romania,111,18513,2676,2706,732732,678473
2021-02-03,RO,Romania,87,18600,2752,2798,735484,681271
2021-02-04,RO,Romania,75,18675,2668,2824,738152,684095
2021-02-05,RO,Romania,73,18748,2580,2597,740732,686692
2021-02-06,RO,Romania,61,18809,2611,2782,743343,689474
2021-02-07,RO,Romania,72,18881,1975,1903,745318,691377
2021-02-08,RO,Romania,80,18961,1319,1304,746637,692681
2021-02-09,RO,Romania,95,19056,2797,2717,749434,695398
2021-02-10,RO,Romania,79,19135,3048,3136,752482,698534
2021-02-11,RO,Romania,65,19200,2644,2749,755126,701283
2021-02-12,RO,Romania,77,19277,2550,2683,757676,703966
2021-02-13,RO,Romania,48,19325,2415,2428,760091,706394
2021-02-14,RO,Romania,41,19366,1872,1757,761963,708151
2021-02-15,RO,Romania,79,19445,1331,1369,763294,709520
2021-02-16,RO,Romania,81,19526,2676,2457,765970,711977
2021-02-17,RO,Romania,62,19588,2815,2732,768785,714709
2021-02-18,RO,Romania,71,19659,3058,2470,771843,717179
2021-02-19,RO,Romania,79,19738,2712,2514,774555,719693
2021-02-20,RO,Romania,57,19795,2721,2791,777276,722484
2021-02-21,RO,Romania,52,19847,2419,1849,779695,724333
2021-02-22,RO,Romania,47,19894,1634,1193,781329,725526
2021-02-23,RO,Romania,119,20013,3382,2726,784711,728252
2021-02-24,RO,Romania,73,20086,3337,2797,788048,731049
2021-02-25,RO,Romania,81,20167,3923,2567,791971,733616
2021-02-26,RO,Romania,66,20233,3761,2404,795732,736020
2021-02-27,RO,Romania,54,20287,3432,2549,799164,738569
2021-02-28,RO,Romania,63,20350,2830,1783,801994,740352
2021-03-01,RO,Romania,53,20403,2096,1119,804090,741471
2021-03-02,RO,Romania,106,20509,3950,2569,808040,744040
2021-03-03,RO,Romania,77,20586,4278,2739,812318,746779
2021-03-04,RO,Romania,98,20684,4271,2894,816589,749673
2021-03-05,RO,Romania,101,20785,4342,2561,820931,752234
2021-03-06,RO,Romania,69,20854,4064,2101,824995,754335
2021-03-07,RO,Romania,46,20900,3288,0,828283,754335
2021-03-08,RO,Romania,63,20963,2280,7296,830563,761631
2021-03-09,RO,Romania,93,21056,4989,5588,835552,767219
2021-03-10,RO,Romania,100,21156,4564,3635,840116,770854
2021-03-11,RO,Romania,96,21252,5236,3423,845352,774277
2021-03-12,RO,Romania,108,21360,5010,3438,850362,777715
2021-03-13,RO,Romania,79,21439,4964,3439,855326,781154
2021-03-14,RO,Romania,44,21483,4383,2488,859709,783642
2021-03-15,RO,Romania,82,21565,2972,3750,862681,787392
2021-03-16,RO,Romania,133,21698,6118,0,868799,787392
2021-03-17,RO,Romania,89,21787,6186,3421,874985,790813
2021-03-18,RO,Romania,90,21877,6174,4137,881159,794950
2021-03-19,RO,Romania,143,22020,5593,4035,886752,798985
2021-03-20,RO,Romania,112,22132,6096,4241,892848,803226
2021-03-21,RO,Romania,76,22208,4267,2974,897115,806200
2021-03-22,RO,Romania,60,22268,3743,2554,900858,808754
2021-03-23,RO,Romania,174,22442,6149,5428,907007,814182
2021-03-24,RO,Romania,137,22579,6136,5617,913143,819799
2021-03-25,RO,Romania,140,22719,6651,5409,919794,825208
2021-03-26,RO,Romania,116,22835,6516,5062,926310,830270
2021-03-27,RO,Romania,162,22997,5869,3892,932179,834162
2021-03-28,RO,Romania,117,23114,4439,2898,936618,837060
2021-03-29,RO,Romania,120,23234,3825,3067,940443,840127
2021-03-30,RO,Romania,175,23409,6204,5230,946647,845357
2021-03-31,RO,Romania,129,23538,6156,5315,952803,850672
2021-04-01,RO,Romania,136,23674,6115,5733,958918,856405
2021-04-02,RO,Romania,145,23819,5808,5732,964726,862137
2021-04-03,RO,Romania,154,23973,5498,5526,970224,867663
2021-04-04,RO,Romania,97,24070,4151,4287,974375,871950
2020-12-01,TJ,Tajikistan,0,86,37,41,12231,11640
2020-12-02,TJ,Tajikistan,1,87,38,37,12269,11677
2020-12-03,TJ,Tajikistan,0,87,39,41,12308,11718
2020-12-04,TJ,Tajikistan,0,87,41,40,12349,11758
2020-12-05,TJ,Tajikistan,0,87,40,38,12389,11796
2020-12-06,TJ,Tajikistan,0,87,39,37,12428,11833
2020-12-07,TJ,Tajikistan,0,87,41,48,12469,11881
2020-12-08,TJ,Tajikistan,1,88,42,45,12511,11926
2020-12-09,TJ,Tajikistan,0,88,40,42,12551,11968
2020-12-10,TJ,Tajikistan,0,88,37,41,12588,12009
2020-12-11,TJ,Tajikistan,0,88,0,0,12588,12009
2020-12-12,TJ,Tajikistan,1,89,36,41,12624,12050
2020-12-13,TJ,Tajikistan,0,88,80,83,12704,12133
2020-12-14,TJ,Tajikistan,0,88,37,39,12741,12172
2020-12-15,TJ,Tajikistan,0,88,36,40,12777,12212
2020-12-16,TJ,Tajikistan,1,89,38,41,12815,12253
2020-12-17,TJ,Tajikistan,0,89,37,42,12852,12295
2020-12-18,TJ,Tajikistan,0,89,36,38,12888,12333
2020-12-19,TJ,Tajikistan,0,89,35,41,12923,12374
2020-12-20,TJ,Tajikistan,0,89,37,39,12960,12413
2020-12-21,TJ,Tajikistan,0,89,38,42,12998,12455
2020-12-22,TJ,Tajikistan,0,89,36,41,13034,12496
2020-12-23,TJ,Tajikistan,0,89,37,40,13071,12536
2020-12-24,TJ,Tajikistan,0,89,35,42,13106,12578
2020-12-25,TJ,Tajikistan,0,89,32,40,13138,12618
2020-12-26,TJ,Tajikistan,1,90,34,39,13172,12657
2020-12-27,TJ,Tajikistan,0,90,33,35,13205,12692
2020-12-28,TJ,Tajikistan,0,90,32,34,13237,12726
2020-12-29,TJ,Tajikistan,0,90,28,37,13265,12763
2020-12-30,TJ,Tajikistan,0,90,31,36,13296,12799
2020-12-31,TJ,Tajikistan,0,90,0,52,13296,12851
2021-01-01,TJ,Tajikistan,0,90,0,43,13296,12894
2021-01-02,TJ,Tajikistan,0,90,4,45,13300,12939
2021-01-03,TJ,Tajikistan,0,90,0,41,13300,12980
2021-01-04,TJ,Tajikistan,0,90,0,38,13300,13018
2021-01-05,TJ,Tajikistan,0,90,5,42,13305,13060
2021-01-06,TJ,Tajikistan,0,90,0,51,13305,13111
2021-01-07,TJ,Tajikistan,0,90,0,42,13305,13153
2021-01-08,TJ,Tajikistan,0,90,0,38,13305,13191
2021-01-09,TJ,Tajikistan,0,90,0,24,13305,13215
2021-01-10,TJ,Tajikistan,0,90,3,0,13308,13215
2021-01-11,TJ,Tajikistan,0,90,0,0,13308,13215
2021-01-12,TJ,Tajikistan,0,90,0,0,13308,13215
2021-01-13,TJ,Tajikistan,0,90,0,3,13308,13218
2021-01-14,TJ,Tajikistan,0,90,0,0,13308,13218
2021-01-15,TJ,Tajikistan,0,90,0,0,13308,13218
2021-01-16,TJ,Tajikistan,0,90,0,0,13308,13218
2021-01-17,TJ,Tajikistan,0,90,0,0,13308,13218
2021-01-18,TJ,Tajikistan,0,90,0,0,13308,13218
2021-01-19,TJ,Tajikistan,0,90,0,0,13308,13218
2021-01-20,TJ,Tajikistan,0,90,0,0,13308,13218
2021-01-21,TJ,Tajikistan,0,90,0,0,13308,13218
2021-01-22,TJ,Tajikistan,0,90,0,0,13308,13218
2021-01-23,TJ,Tajikistan,0,90,0,0,13308,13218
2021-01-24,TJ,Tajikistan,0,90,0,0,13308,13218
2021-01-25,TJ,Tajikistan,0,90,0,0,13308,13218
2021-01-26,TJ,Tajikistan,0,90,0,0,13308,13218
2021-01-27,TJ,Tajikistan,0,90,0,0,13308,13218
2021-01-28,TJ,Tajikistan,0,90,0,0,13308,13218
2021-01-29,TJ,Tajikistan,0,90,0,0,13308,13218
2021-01-30,TJ,Tajikistan,0,90,0,0,13308,13218
2021-01-31,TJ,Tajikistan,0,90,0,0,13308,13218
2021-02-01,TJ,Tajikistan,0,90,0,0,13308,13218
2021-02-02,TJ,Tajikistan,0,90,0,0,13308,13218
2021-02-03,TJ,Tajikistan,0,90,0,0,13308,13218
2021-02-04,TJ,Tajikistan,0,90,0,0,13308,13218
2021-02-05,TJ,Tajikistan,0,90,0,0,13308,13218
2021-02-06,TJ,Tajikistan,0,90,0,0,13308,13218
2021-02-07,TJ,Tajikistan,0,90,0,0,13308,13218
2021-02-08,TJ,Tajikistan,0,90,0,0,13308,13218
2021-02-09,TJ,Tajikistan,0,90,0,0,13308,13218
2021-02-10,TJ,Tajikistan,0,90,0,0,13308,13218
2021-02-11,TJ,Tajikistan,0,90,0,0,13308,13218
2021-02-12,TJ,Tajikistan,0,90,0,0,13308,13218
2021-02-13,TJ,Tajikistan,0,90,0,0,13308,13218
2021-02-14,TJ,Tajikistan,0,90,0,0,13308,13218
2021-02-15,TJ,Tajikistan,0,90,0,0,13308,13218
2021-02-16,TJ,Tajikistan,0,90,0,0,13308,13218
2021-02-17,TJ,Tajikistan,0,90,0,0,13308,13218
2021-02-18,TJ,Tajikistan,0,90,0,0,13308,13218
2021-02-19,TJ,Tajikistan,0,90,0,0,13308,13218
2021-02-20,TJ,Tajikistan,0,90,0,0,13308,13218
2021-02-21,TJ,Tajikistan,0,90,0,0,13308,13218
2021-02-22,TJ,Tajikistan,0,90,0,0,13308,13218
2021-02-23,TJ,Tajikistan,0,90,0,0,13308,13218
2021-02-24,TJ,Tajikistan,0,90,0,0,13308,13218
2021-02-25,TJ,Tajikistan,0,90,0,0,13308,13218
2021-02-26,TJ,Tajikistan,0,90,0,0,13308,13218
2021-02-27,TJ,Tajikistan,0,90,0,0,13308,13218
2021-02-28,TJ,Tajikistan,0,90,0,0,13308,13218
2021-03-01,TJ,Tajikistan,0,90,0,0,13308,13218
2021-03-02,TJ,Tajikistan,0,90,0,0,13308,13218
2021-03-03,TJ,Tajikistan,0,90,0,0,13308,13218
2021-03-04,TJ,Tajikistan,0,90,0,0,13308,13218
2021-03-05,TJ,Tajikistan,0,90,0,0,13308,13218
2021-03-06,TJ,Tajikistan,0,90,0,0,13308,13218
2021-03-07,TJ,Tajikistan,0,90,0,0,13308,13218
2021-03-08,TJ,Tajikistan,0,90,0,0,13308,13218
2021-03-09,TJ,Tajikistan,0,90,0,0,13308,13218
2021-03-10,TJ,Tajikistan,0,90,0,0,13308,13218
2021-03-11,TJ,Tajikistan,0,90,0,0,13308,13218
2021-03-12,TJ,Tajikistan,0,90,0,0,13308,13218
2021-03-13,TJ,Tajikistan,0,90,0,0,13308,13218
2021-03-14,TJ,Tajikistan,0,90,0,0,13308,13218
2021-03-15,TJ,Tajikistan,0,90,0,0,13308,13218
2021-03-16,TJ,Tajikistan,0,90,0,0,13308,13218
2021-03-17,TJ,Tajikistan,0,90,0,0,13308,13218
2021-03-18,TJ,Tajikistan,0,90,0,0,13308,13218
2021-03-19,TJ,Tajikistan,0,90,0,0,13308,13218
2021-03-20,TJ,Tajikistan,0,90,0,0,13308,13218
2021-03-21,TJ,Tajikistan,0,90,0,0,13308,13218
2021-03-22,TJ,Tajikistan,0,90,0,0,13308,13218
2021-03-23,TJ,Tajikistan,0,90,0,0,13308,13218
2021-03-24,TJ,Tajikistan,0,90,0,0,13308,13218
2021-03-25,TJ,Tajikistan,0,90,0,0,13308,13218
2021-03-26,TJ,Tajikistan,0,90,0,0,13308,13218
2021-03-27,TJ,Tajikistan,0,90,0,0,13308,13218
2021-03-28,TJ,Tajikistan,0,90,0,0,13308,13218
2021-03-29,TJ,Tajikistan,0,90,0,0,13308,13218
2021-03-30,TJ,Tajikistan,0,90,0,0,13308,13218
2021-03-31,TJ,Tajikistan,0,90,0,0,13308,13218
2021-04-01,TJ,Tajikistan,0,90,0,0,13308,13218
2021-04-02,TJ,Tajikistan,0,90,0,0,13308,13218
2021-04-03,TJ,Tajikistan,0,90,0,0,13308,13218
2021-04-04,TJ,Tajikistan,0,90,0,0,13308,13218
2020-12-01,YE,Yemen,0,605,0,0,2077,1382
2020-12-02,YE,Yemen,0,605,0,0,2077,1382
2020-12-03,YE,Yemen,1,606,0,0,2077,1382
2020-12-04,YE,Yemen,0,606,0,0,2077,1382
2020-12-05,YE,Yemen,0,606,0,0,2077,1382
2020-12-06,YE,Yemen,0,606,1,0,2078,1382
2020-12-07,YE,Yemen,0,606,0,0,2078,1382
2020-12-08,YE,Yemen,0,606,1,0,2079,1382
2020-12-09,YE,Yemen,0,606,0,1,2079,1383
2020-12-10,YE,Yemen,0,606,2,0,2081,1383
2020-12-11,YE,Yemen,0,606,1,0,2082,1383
2020-12-12,YE,Yemen,0,606,1,0,2083,1383
2020-12-13,YE,Yemen,0,606,0,0,2083,1383
2020-12-14,YE,Yemen,0,606,1,1,2084,1384
2020-12-15,YE,Yemen,0,606,1,0,2085,1384
2020-12-16,YE,Yemen,0,606,0,0,2085,1384
2020-12-17,YE,Yemen,0,606,2,0,2087,1384
2020-12-18,YE,Yemen,0,606,0,0,2087,1384
2020-12-19,YE,Yemen,0,606,0,0,2087,1384
2020-12-20,YE,Yemen,0,606,0,0,2087,1384
2020-12-21,YE,Yemen,0,606,0,0,2087,1384
2020-12-22,YE,Yemen,0,606,0,0,2087,1384
2020-12-23,YE,Yemen,0,606,0,0,2087,1384
2020-12-24,YE,Yemen,0,606,5,0,2092,1384
2020-12-25,YE,Yemen,0,606,0,0,2092,1384
2020-12-26,YE,Yemen,0,606,0,0,2092,1384
2020-12-27,YE,Yemen,1,607,2,0,2094,1384
2020-12-28,YE,Yemen,1,608,2,2,2096,1386
2020-12-29,YE,Yemen,2,610,0,1,2096,1387
2020-12-30,YE,Yemen,0,610,1,5,2097,1392
2020-12-31,YE,Yemen,0,610,2,2,2099,1394
2021-01-01,YE,Yemen,0,610,2,2,2101,1396
2021-01-02,YE,Yemen,0,610,0,0,2101,1396
2021-01-03,YE,Yemen,0,610,0,3,2101,1399
2021-01-04,YE,Yemen,0,610,0,2,2101,1401
2021-01-05,YE,Yemen,0,610,0,0,2101,1401
2021-01-06,YE,Yemen,0,610,1,2,2102,1403
2021-01-07,YE,Yemen,0,610,2,2,2104,1405
2021-01-08,YE,Yemen,0,610,0,0,2104,1405
2021-01-09,YE,Yemen,0,610,0,2,2104,1407
2021-01-10,YE,Yemen,1,611,0,0,2104,1407
2021-01-11,YE,Yemen,1,612,1,9,2105,1416
2021-01-12,YE,Yemen,0,612,2,0,2107,1416
2021-01-13,YE,Yemen,0,612,2,3,2109,1419
2021-01-14,YE,Yemen,0,612,1,0,2110,1419
2021-01-15,YE,Yemen,0,612,1,0,2111,1419
2021-01-16,YE,Yemen,0,612,1,0,2112,1419
2021-01-17,YE,Yemen,0,612,0,0,2112,1419
2021-01-18,YE,Yemen,0,612,1,2,2113,1421
2021-01-19,YE,Yemen,0,612,2,1,2115,1422
2021-01-20,YE,Yemen,0,612,0,1,2115,1423
2021-01-21,YE,Yemen,2,614,0,0,2115,1423
2021-01-22,YE,Yemen,0,614,3,0,2118,1423
2021-01-23,YE,Yemen,1,615,0,0,2118,1423
2021-01-24,YE,Yemen,0,615,0,0,2118,1423
2021-01-25,YE,Yemen,0,615,0,1,2118,1424
2021-01-26,YE,Yemen,0,615,1,0,2119,1424
2021-01-27,YE,Yemen,0,615,1,1,2120,1425
2021-01-28,YE,Yemen,0,615,0,0,2120,1425
2021-01-29,YE,Yemen,0,615,0,0,2120,1425
2021-01-30,YE,Yemen,0,615,0,1,2120,1426
2021-01-31,YE,Yemen,0,615,1,0,2121,1426
2021-02-01,YE,Yemen,0,615,1,0,2122,1426
2021-02-02,YE,Yemen,0,615,0,1,2122,1427
2021-02-03,YE,Yemen,0,615,0,0,2122,1427
2021-02-04,YE,Yemen,0,615,0,0,2122,1427
2021-02-05,YE,Yemen,0,615,2,0,2124,1427
2021-02-06,YE,Yemen,0,615,3,1,2127,1428
2021-02-07,YE,Yemen,0,615,0,0,2127,1428
2021-02-08,YE,Yemen,0,615,4,0,2131,1428
2021-02-09,YE,Yemen,0,615,0,0,2131,1428
2021-02-10,YE,Yemen,1,616,2,0,2133,1428
2021-02-11,YE,Yemen,0,616,1,0,2134,1428
2021-02-12,YE,Yemen,0,616,2,2,2136,1430
2021-02-13,YE,Yemen,0,616,0,0,2136,1430
2021-02-14,YE,Yemen,1,617,9,0,2145,1430
2021-02-15,YE,Yemen,0,617,0,0,2145,1430
2021-02-16,YE,Yemen,1,618,3,1,2148,1431
2021-02-17,YE,Yemen,0,618,3,0,2151,1431
2021-02-18,YE,Yemen,0,618,3,1,2154,1432
2021-02-19,YE,Yemen,0,618,3,0,2157,1432
2021-02-20,YE,Yemen,0,618,0,0,2157,1432
2021-02-21,YE,Yemen,1,619,8,0,2165,1432
2021-02-22,YE,Yemen,0,619,11,0,2176,1432
2021-02-23,YE,Yemen,1,620,11,0,2187,1432
2021-02-24,YE,Yemen,4,624,34,1,2221,1433
2021-02-25,YE,Yemen,1,625,34,1,2255,1434
2021-02-26,YE,Yemen,2,627,12,0,2267,1434
2021-02-27,YE,Yemen,4,631,2,1,2269,1435
2021-02-28,YE,Yemen,3,634,16,0,2285,1435
2021-03-01,YE,Yemen,0,634,25,0,2310,1435
2021-03-02,YE,Yemen,6,640,32,0,2342,1435
2021-03-03,YE,Yemen,3,643,21,0,2363,1435
2021-03-04,YE,Yemen,2,645,12,0,2375,1435
2021-03-05,YE,Yemen,3,648,36,4,2411,1439
2021-03-06,YE,Yemen,2,650,33,3,2444,1442
2021-03-07,YE,Yemen,1,651,29,4,2473,1446
2021-03-08,YE,Yemen,2,653,72,1,2545,1447
2021-03-09,YE,Yemen,1,654,41,4,2586,1451
2021-03-10,YE,Yemen,7,661,41,1,2627,1452
2021-03-11,YE,Yemen,6,667,40,12,2667,1464
2021-03-12,YE,Yemen,12,679,62,5,2729,1469
2021-03-13,YE,Yemen,4,683,42,3,2771,1472
2021-03-14,YE,Yemen,6,689,65,19,2836,1491
2021-03-15,YE,Yemen,9,698,72,9,2908,1500
2021-03-16,YE,Yemen,9,707,61,7,2969,1507
2021-03-17,YE,Yemen,6,713,68,1,3037,1508
2021-03-18,YE,Yemen,10,723,89,12,3126,1520
2021-03-19,YE,Yemen,10,733,91,9,3217,1529
2021-03-20,YE,Yemen,4,737,61,1,3278,1530
2021-03-21,YE,Yemen,14,751,140,4,3418,1534
2021-03-22,YE,Yemen,20,771,98,12,3516,1546
2021-03-23,YE,Yemen,14,785,96,20,3612,1566
2021-03-24,YE,Yemen,15,800,91,11,3703,1577
2021-03-25,YE,Yemen,10,810,113,3,3816,1580
2021-03-26,YE,Yemen,10,820,84,8,3900,1588
2021-03-27,YE,Yemen,12,832,69,2,3969,1590
2021-03-28,YE,Yemen,19,851,64,16,4033,1606
2021-03-29,YE,Yemen,12,863,82,51,4115,1657
2021-03-30,YE,Yemen,19,882,132,10,4247,1667
2021-03-31,YE,Yemen,6,888,110,9,4357,1676
2021-04-01,YE,Yemen,18,906,174,6,4531,1682
2021-04-02,YE,Yemen,10,916,89,9,4620,1691
2021-04-03,YE,Yemen,16,932,77,24,4697,1715
2021-04-04,YE,Yemen,14,946,101,23,4798,1738
2020-12-01,PE,Peru,43,35966,1075,0,963605,893061
2020-12-02,PE,Peru,0,35966,0,3917,963605,896978
2020-12-03,PE,Peru,110,36076,3470,2235,967075,899213
2020-12-04,PE,Peru,0,36076,0,4745,967075,903958
2020-12-05,PE,Peru,119,36195,3785,0,970860,903958
2020-12-06,PE,Peru,36,36231,1828,3696,972688,907654
2020-12-07,PE,Peru,43,36274,1224,0,973912,907654
2020-12-08,PE,Peru,0,36274,0,1735,973912,909389
2020-12-09,PE,Peru,127,36401,2709,1724,976621,911113
2020-12-10,PE,Peru,98,36499,2490,1388,979111,912501
2020-12-11,PE,Peru,0,36499,0,2099,979111,914600
2020-12-12,PE,Peru,45,36544,1832,1735,980943,916335
2020-12-13,PE,Peru,0,36544,0,0,980943,916335
2020-12-14,PE,Peru,133,36677,4030,2017,984973,918352
2020-12-15,PE,Peru,77,36754,1157,1954,986130,920306
2020-12-16,PE,Peru,0,36754,0,3814,986130,924120
2020-12-17,PE,Peru,104,36858,3327,0,989457,924120
2020-12-18,PE,Peru,0,36858,0,4099,989457,928219
2020-12-19,PE,Peru,0,36858,0,2191,989457,930410
2020-12-20,PE,Peru,176,37034,6442,0,995899,930410
2020-12-21,PE,Peru,69,37103,1618,1885,997517,932295
2020-12-22,PE,Peru,70,37173,958,3887,998475,936182
2020-12-23,PE,Peru,45,37218,1678,0,1000153,936182
2020-12-24,PE,Peru,0,37218,0,2159,1000153,938341
2020-12-25,PE,Peru,99,37317,3829,1699,1003982,940040
2020-12-26,PE,Peru,51,37368,1564,1628,1005546,941668
2020-12-27,PE,Peru,0,37368,0,1969,1005546,943637
2020-12-28,PE,Peru,106,37474,2111,3790,1007657,947427
2020-12-29,PE,Peru,51,37525,1251,1964,1008908,949391
2020-12-30,PE,Peru,49,37574,1588,1927,1010496,951318
2020-12-31,PE,Peru,106,37680,4641,0,1015137,951318
2021-01-01,PE,Peru,0,37680,0,0,1015137,951318
2021-01-02,PE,Peru,0,37680,0,0,1015137,951318
2021-01-03,PE,Peru,93,37773,2962,7364,1018099,958682
2021-01-04,PE,Peru,57,37830,1376,0,1019475,958682
2021-01-05,PE,Peru,0,37830,0,2021,1019475,960703
2021-01-06,PE,Peru,95,37925,2543,1863,1022018,962566
2021-01-07,PE,Peru,0,37925,0,0,1022018,962566
2021-01-08,PE,Peru,124,38049,4162,1788,1026180,964354
2021-01-09,PE,Peru,0,38049,0,2093,1026180,966447
2021-01-10,PE,Peru,0,38049,0,1888,1026180,968335
2021-01-11,PE,Peru,231,38280,9004,1528,1035184,969863
2021-01-12,PE,Peru,55,38335,2166,1053,1037350,970916
2021-01-13,PE,Peru,64,38399,2881,84,1040231,971000
2021-01-14,PE,Peru,0,38399,0,5202,1040231,976202
2021-01-15,PE,Peru,255,38654,15792,1870,1056023,978072
2021-01-16,PE,Peru,0,38654,0,0,1056023,978072
2021-01-17,PE,Peru,116,38770,4544,0,1060567,978072
2021-01-18,PE,Peru,0,38770,0,6654,1060567,984726
2021-01-19,PE,Peru,0,38770,0,0,1060567,984726
2021-01-20,PE,Peru,274,39044,12647,4641,1073214,989367
2021-01-21,PE,Peru,0,39044,0,4142,1073214,993509
2021-01-22,PE,Peru,230,39274,9693,0,1082907,993509
2021-01-23,PE,Peru,0,39274,0,9007,1082907,1002516
2021-01-24,PE,Peru,334,39608,11031,5232,1093938,1007748
2021-01-25,PE,Peru,0,39608,0,4702,1093938,1012450
2021-01-26,PE,Peru,499,40107,13301,10286,1107239,1022736
2021-01-27,PE,Peru,0,40107,0,5384,1107239,1028120
2021-01-28,PE,Peru,165,40272,6731,0,1113970,1028120
2021-01-29,PE,Peru,212,40484,5715,5237,1119685,1033357
2021-01-30,PE,Peru,373,40857,13337,6262,1133022,1039619
2021-01-31,PE,Peru,169,41026,5217,12431,1138239,1052050
2021-02-01,PE,Peru,0,41026,0,0,1138239,1052050
2021-02-02,PE,Peru,155,41181,4477,5095,1142716,1057145
2021-02-03,PE,Peru,357,41538,15621,11984,1158337,1069129
2021-02-04,PE,Peru,0,41538,0,0,1158337,1069129
2021-02-05,PE,Peru,215,41753,6715,7317,1165052,1076446
2021-02-06,PE,Peru,180,41933,7993,10197,1173045,1086643
2021-02-07,PE,Peru,375,42308,13653,2397,1186698,1089040
2021-02-08,PE,Peru,0,42308,0,5533,1186698,1094573
2021-02-09,PE,Peru,318,42626,10080,16923,1196778,1111496
2021-02-10,PE,Peru,0,42626,0,0,1196778,1111496
2021-02-11,PE,Peru,419,43045,6724,6233,1203502,1117729
2021-02-12,PE,Peru,0,43045,8807,13194,1212309,1130923
2021-02-13,PE,Peru,210,43255,8439,0,1220748,1130923
2021-02-14,PE,Peru,448,43703,14550,6489,1235298,1137412
2021-02-15,PE,Peru,177,43880,3203,11955,1238501,1149367
2021-02-16,PE,Peru,0,43880,0,0,1238501,1149367
2021-02-17,PE,Peru,176,44056,6228,6589,1244729,1155956
2021-02-18,PE,Peru,252,44308,7408,452,1252137,1156408
2021-02-19,PE,Peru,181,44489,9667,6745,1261804,1163153
2021-02-20,PE,Peru,201,44690,7719,6495,1269523,1169648
2021-02-21,PE,Peru,407,45097,13786,13590,1283309,1183238
2021-02-22,PE,Peru,0,45097,0,0,1283309,1183238
2021-02-23,PE,Peru,166,45263,3448,5757,1286757,1188995
2021-02-24,PE,Peru,224,45487,6740,7520,1293497,1196515
2021-02-25,PE,Peru,196,45683,7302,0,1300799,1196515
2021-02-26,PE,Peru,411,46094,15564,21894,1316363,1218409
2021-02-27,PE,Peru,205,46299,7500,7586,1323863,1225995
2021-02-28,PE,Peru,0,46299,0,0,1323863,1225995
2021-03-01,PE,Peru,195,46494,5942,6533,1329805,1232528
2021-03-02,PE,Peru,400,46894,8492,4140,1338297,1236668
2021-03-03,PE,Peru,0,46894,0,7361,1338297,1244029
2021-03-04,PE,Peru,195,47089,6672,6018,1344969,1250047
2021-03-05,PE,Peru,217,47306,4878,0,1349847,1248642
2021-03-06,PE,Peru,185,47491,8447,14080,1358294,1262722
2021-03-07,PE,Peru,190,47681,6670,6643,1364964,1269365
2021-03-08,PE,Peru,173,47854,6212,6880,1371176,1276245
2021-03-09,PE,Peru,309,48163,8847,11822,1380023,1288067
2021-03-10,PE,Peru,0,48163,0,0,1380023,1288067
2021-03-11,PE,Peru,160,48323,7434,6556,1387457,1294623
2021-03-12,PE,Peru,161,48484,7114,6816,1394571,1301439
2021-03-13,PE,Peru,180,48664,8039,6736,1402610,1308175
2021-03-14,PE,Peru,177,48841,5353,5588,1407963,1313763
2021-03-15,PE,Peru,162,49003,4443,8922,1412406,1322685
2021-03-16,PE,Peru,174,49177,6568,7103,1418974,1329788
2021-03-17,PE,Peru,346,49523,16624,17372,1435598,1347160
2021-03-18,PE,Peru,0,49523,0,0,1435598,1347160
2021-03-19,PE,Peru,374,49897,16047,17396,1451645,1364556
2021-03-20,PE,Peru,0,49897,0,0,1451645,1364556
2021-03-21,PE,Peru,301,50198,14681,16762,1466326,1381318
2021-03-22,PE,Peru,0,50198,0,0,1466326,1381318
2021-03-23,PE,Peru,276,50474,14933,7236,1481259,1388554
2021-03-24,PE,Peru,0,50474,0,8787,1481259,1397341
2021-03-25,PE,Peru,357,50831,19206,8963,1500465,1406304
2021-03-26,PE,Peru,201,51032,11919,16955,1512384,1423259
2021-03-27,PE,Peru,206,51238,8589,9191,1520973,1432450
2021-03-28,PE,Peru,231,51469,8909,9955,1529882,1442405
2021-03-29,PE,Peru,166,51635,3239,8707,1533121,1451112
2021-03-30,PE,Peru,0,51635,0,0,1533121,1451112
2021-03-31,PE,Peru,373,52008,15686,17345,1548807,1468457
2021-04-01,PE,Peru,153,52161,12916,8325,1561723,1476782
2021-04-02,PE,Peru,170,52331,6622,8800,1568345,1485582
2021-04-03,PE,Peru,294,52625,5616,6470,1573961,1492052
2021-04-04,PE,Peru,252,52877,8406,8530,1582367,1500582
2020-12-01,NG,Nigeria,3,1176,281,148,67838,63430
2020-12-02,NG,Nigeria,1,1177,122,409,67960,63839
2020-12-03,NG,Nigeria,2,1179,343,452,68303,64291
2020-12-04,NG,Nigeria,0,1179,324,176,68627,64467
2020-12-05,NG,Nigeria,1,1180,310,183,68937,64650
2020-12-06,NG,Nigeria,0,1180,318,124,69255,64774
2020-12-07,NG,Nigeria,1,1181,390,173,69645,64947
2020-12-08,NG,Nigeria,1,1182,550,163,70195,65110
2020-12-09,NG,Nigeria,2,1184,474,132,70669,65242
2020-12-10,NG,Nigeria,6,1190,675,232,71344,65474
2020-12-11,NG,Nigeria,0,1190,796,248,72140,65722
2020-12-12,NG,Nigeria,4,1194,617,128,72757,65850
2020-12-13,NG,Nigeria,3,1197,418,240,73175,66090
2020-12-14,NG,Nigeria,0,1197,199,224,73374,66314
2020-12-15,NG,Nigeria,3,1200,758,180,74132,66494
2020-12-16,NG,Nigeria,0,1200,930,281,75062,66775
2020-12-17,NG,Nigeria,1,1201,1145,335,76207,67110
2020-12-18,NG,Nigeria,11,1212,806,374,77013,67484
2020-12-19,NG,Nigeria,6,1218,920,300,77933,67784
2020-12-20,NG,Nigeria,3,1221,501,519,78434,68303
2020-12-21,NG,Nigeria,6,1227,356,190,78790,68493
2020-12-22,NG,Nigeria,4,1231,999,386,79789,68879
2020-12-23,NG,Nigeria,5,1236,1133,395,80922,69274
2020-12-24,NG,Nigeria,6,1242,1041,377,81963,69651
2020-12-25,NG,Nigeria,4,1246,784,597,82747,70248
2020-12-26,NG,Nigeria,1,1247,829,247,83576,70495
2020-12-27,NG,Nigeria,7,1254,838,539,84414,71034
2020-12-28,NG,Nigeria,10,1264,397,323,84811,71357
2020-12-29,NG,Nigeria,3,1267,749,580,85560,71937
2020-12-30,NG,Nigeria,11,1278,1016,1385,86576,73322
2020-12-31,NG,Nigeria,11,1289,1031,391,87607,73713
2021-01-01,NG,Nigeria,5,1294,980,660,88587,74373
2021-01-02,NG,Nigeria,8,1302,576,416,89163,74789
2021-01-03,NG,Nigeria,9,1311,917,255,90080,75044
2021-01-04,NG,Nigeria,7,1318,1271,655,91351,75699
2021-01-05,NG,Nigeria,1,1319,1354,697,92705,76396
2021-01-06,NG,Nigeria,5,1324,1664,903,94369,77299
2021-01-07,NG,Nigeria,6,1330,1565,683,95934,77982
2021-01-08,NG,Nigeria,12,1342,1544,570,97478,78552
2021-01-09,NG,Nigeria,8,1350,1585,865,99063,79417
2021-01-10,NG,Nigeria,8,1358,1024,613,100087,80030
2021-01-11,NG,Nigeria,3,1361,1244,461,101331,80491
2021-01-12,NG,Nigeria,12,1373,1270,1083,102601,81574
2021-01-13,NG,Nigeria,9,1382,1398,981,103999,82555
2021-01-14,NG,Nigeria,23,1405,1479,1275,105478,83830
2021-01-15,NG,Nigeria,8,1413,1867,705,107345,84535
2021-01-16,NG,Nigeria,7,1420,1598,832,108943,85367
2021-01-17,NG,Nigeria,15,1435,1444,3950,110387,89317
2021-01-18,NG,Nigeria,14,1449,1617,622,112004,89939
2021-01-19,NG,Nigeria,15,1464,1301,1261,113305,91200
2021-01-20,NG,Nigeria,14,1478,1386,1136,114691,92336
2021-01-21,NG,Nigeria,7,1485,1964,1310,116655,93646
2021-01-22,NG,Nigeria,5,1490,1483,484,118138,94130
2021-01-23,NG,Nigeria,12,1502,2464,1771,120602,95901
2021-01-24,NG,Nigeria,2,1504,964,1327,121566,97228
2021-01-25,NG,Nigeria,3,1507,1430,1131,122996,98359
2021-01-26,NG,Nigeria,15,1522,1303,917,124299,99276
2021-01-27,NG,Nigeria,21,1543,1861,1089,126160,100365
2021-01-28,NG,Nigeria,4,1547,864,488,127024,100853
2021-01-29,NG,Nigeria,30,1577,1650,1927,128674,102780
2021-01-30,NG,Nigeria,1,1578,1883,932,130557,103712
2021-01-31,NG,Nigeria,8,1586,685,1277,131242,104989
2021-02-01,NG,Nigeria,21,1607,676,1286,131918,106275
2021-02-02,NG,Nigeria,6,1613,1634,1276,133552,107551
2021-02-03,NG,Nigeria,5,1618,1138,1106,134690,108657
2021-02-04,NG,Nigeria,14,1632,1340,1792,136030,110449
2021-02-05,NG,Nigeria,9,1641,1624,1190,137654,111639
2021-02-06,NG,Nigeria,6,1647,1588,918,139242,112557
2021-02-07,NG,Nigeria,20,1667,506,968,139748,113525
2021-02-08,NG,Nigeria,6,1673,643,1110,140391,114635
2021-02-09,NG,Nigeria,21,1694,1056,1120,141447,115755
2021-02-10,NG,Nigeria,8,1702,1131,1192,142578,116947
2021-02-11,NG,Nigeria,8,1710,938,1065,143516,118012
2021-02-12,NG,Nigeria,24,1734,1005,854,144521,118866
2021-02-13,NG,Nigeria,13,1747,1143,1533,145664,120399
2021-02-14,NG,Nigeria,5,1752,520,439,146184,120838
2021-02-15,NG,Nigeria,9,1761,744,2171,146928,123009
2021-02-16,NG,Nigeria,16,1777,1368,1474,148296,124483
2021-02-17,NG,Nigeria,10,1787,1073,1239,149369,125722
2021-02-18,NG,Nigeria,16,1803,877,695,150246,126417
2021-02-19,NG,Nigeria,10,1813,662,1107,150908,127524
2021-02-20,NG,Nigeria,18,1831,645,481,151553,128005
2021-02-21,NG,Nigeria,8,1839,521,614,152074,128619
2021-02-22,NG,Nigeria,23,1862,542,681,152616,129300
2021-02-23,NG,Nigeria,12,1874,571,643,153187,129943
2021-02-24,NG,Nigeria,11,1885,655,875,153842,130818
2021-02-25,NG,Nigeria,6,1891,634,881,154476,131699
2021-02-26,NG,Nigeria,11,1902,600,845,155076,132544
2021-02-27,NG,Nigeria,3,1905,341,712,155417,133256
2021-02-28,NG,Nigeria,2,1907,240,512,155657,133768
2021-03-01,NG,Nigeria,8,1915,360,136,156017,133904
2021-03-02,NG,Nigeria,8,1923,479,647,156496,134551
2021-03-03,NG,Nigeria,16,1939,464,1261,156960,135812
2021-03-04,NG,Nigeria,12,1951,711,523,157671,136335
2021-03-05,NG,Nigeria,3,1954,371,690,158042,137025
2021-03-06,NG,Nigeria,10,1964,195,620,158237,137645
2021-03-07,NG,Nigeria,5,1969,269,245,158506,137890
2021-03-08,NG,Nigeria,13,1982,400,612,158906,138502
2021-03-09,NG,Nigeria,6,1988,346,554,159252,139056
2021-03-10,NG,Nigeria,5,1993,394,927,159646,139983
2021-03-11,NG,Nigeria,8,2001,287,2421,159933,142404
2021-03-12,NG,Nigeria,8,2009,399,1655,160332,144059
2021-03-13,NG,Nigeria,4,2013,205,655,160537,144714
2021-03-14,NG,Nigeria,0,2013,120,685,160657,145399
2021-03-15,NG,Nigeria,3,2016,238,353,160895,145752
2021-03-16,NG,Nigeria,2,2018,179,320,161074,146072
2021-03-17,NG,Nigeria,9,2027,187,323,161261,146395
2021-03-18,NG,Nigeria,0,2027,148,495,161409,146890
2021-03-19,NG,Nigeria,0,2027,130,691,161539,147581
2021-03-20,NG,Nigeria,3,2030,112,194,161651,147775
2021-03-21,NG,Nigeria,0,2030,86,124,161737,147899
2021-03-22,NG,Nigeria,0,2030,131,226,161868,148125
2021-03-23,NG,Nigeria,1,2031,208,405,162076,148530
2021-03-24,NG,Nigeria,0,2031,102,196,162178,148726
2021-03-25,NG,Nigeria,5,2036,97,1156,162275,149882
2021-03-26,NG,Nigeria,3,2039,113,104,162388,149986
2021-03-27,NG,Nigeria,2,2041,101,219,162489,150205
2021-03-28,NG,Nigeria,7,2048,104,103,162593,150308
2021-03-29,NG,Nigeria,1,2049,48,158,162641,150466
2021-03-30,NG,Nigeria,7,2056,121,1066,162762,151532
2021-03-31,NG,Nigeria,1,2057,129,116,162891,151648
2021-04-01,NG,Nigeria,1,2058,106,60,162997,151708
2021-04-02,NG,Nigeria,0,2058,66,127,163063,151835
2021-04-03,NG,Nigeria,0,2058,50,18,163113,151853
2021-04-04,NG,Nigeria,0,2058,82,145,163195,151998
2020-12-01,UG,Uganda,0,205,576,55,21035,9044
2020-12-02,UG,Uganda,1,206,374,0,21409,9044
2020-12-03,UG,Uganda,0,206,203,66,21612,9110
2020-12-04,UG,Uganda,0,206,286,7,21898,9117
2020-12-05,UG,Uganda,0,206,290,0,22188,9117
2020-12-06,UG,Uganda,0,206,311,58,22499,9175
2020-12-07,UG,Uganda,1,207,701,199,23200,9374
2020-12-08,UG,Uganda,0,207,0,0,23200,9374
2020-12-09,UG,Uganda,12,219,1859,136,25059,9510
2020-12-10,UG,Uganda,1,220,671,95,25730,9605
2020-12-11,UG,Uganda,0,220,639,41,26369,9646
2020-12-12,UG,Uganda,0,220,702,98,27071,9744
2020-12-13,UG,Uganda,1,221,461,82,27532,9826
2020-12-14,UG,Uganda,3,224,234,95,27766,9921
2020-12-15,UG,Uganda,1,225,402,84,28168,10005
2020-12-16,UG,Uganda,0,225,565,65,28733,10070
2020-12-17,UG,Uganda,3,228,628,102,29361,10172
2020-12-18,UG,Uganda,2,230,710,79,30071,10251
2020-12-19,UG,Uganda,0,230,631,109,30702,10360
2020-12-20,UG,Uganda,1,231,485,109,31187,10469
2020-12-21,UG,Uganda,7,238,197,80,31384,10549
2020-12-22,UG,Uganda,0,238,526,97,31910,10646
2020-12-23,UG,Uganda,7,245,489,85,32399,10731
2020-12-24,UG,Uganda,0,245,515,90,32914,10821
2020-12-25,UG,Uganda,0,245,446,84,33360,10905
2020-12-26,UG,Uganda,0,245,203,150,33563,11055
2020-12-27,UG,Uganda,3,248,248,125,33811,11180
2020-12-28,UG,Uganda,0,248,162,117,33973,11297
2020-12-29,UG,Uganda,2,250,308,153,34281,11450
2020-12-30,UG,Uganda,1,251,396,129,34677,11579
2020-12-31,UG,Uganda,0,251,539,154,35216,11733
2021-01-01,UG,Uganda,14,265,295,145,35511,11878
2021-01-02,UG,Uganda,9,274,201,159,35712,12037
2021-01-03,UG,Uganda,0,274,210,0,35922,12037
2021-01-04,UG,Uganda,0,274,128,230,36050,12267
2021-01-05,UG,Uganda,16,290,357,120,36407,12387
2021-01-06,UG,Uganda,4,294,295,107,36702,12494
2021-01-07,UG,Uganda,3,297,372,50,37074,12544
2021-01-08,UG,Uganda,3,300,222,75,37296,12619
2021-01-09,UG,Uganda,1,301,258,101,37554,12720
2021-01-10,UG,Uganda,0,301,188,132,37742,12852
2021-01-11,UG,Uganda,1,302,66,90,37808,12942
2021-01-12,UG,Uganda,1,303,140,76,37948,13018
2021-01-13,UG,Uganda,1,304,137,65,38085,13083
2021-01-14,UG,Uganda,0,304,0,0,38085,13083
2021-01-15,UG,Uganda,0,304,0,0,38085,13083
2021-01-16,UG,Uganda,0,304,0,0,38085,13083
2021-01-17,UG,Uganda,0,304,0,0,38085,13083
2021-01-18,UG,Uganda,0,304,0,0,38085,13083
2021-01-19,UG,Uganda,1,305,449,322,38534,13405
2021-01-20,UG,Uganda,0,305,94,8,38628,13413
2021-01-21,UG,Uganda,11,316,178,286,38806,13699
2021-01-22,UG,Uganda,1,317,129,0,38935,13699
2021-01-23,UG,Uganda,0,317,109,162,39044,13861
2021-01-24,UG,Uganda,0,317,105,0,39149,13861
2021-01-25,UG,Uganda,1,318,39,190,39188,14051
2021-01-26,UG,Uganda,0,318,73,0,39261,14051
2021-01-27,UG,Uganda,0,318,53,63,39314,14114
2021-01-28,UG,Uganda,0,318,110,0,39424,14114
2021-01-29,UG,Uganda,6,324,66,65,39490,14179
2021-01-30,UG,Uganda,0,324,43,0,39533,14179
2021-01-31,UG,Uganda,0,324,46,0,39579,14179
2021-02-01,UG,Uganda,1,325,27,50,39606,14229
2021-02-02,UG,Uganda,0,325,45,0,39651,14229
2021-02-03,UG,Uganda,2,327,34,81,39685,14310
2021-02-04,UG,Uganda,0,327,50,0,39735,14310
2021-02-05,UG,Uganda,0,327,54,39,39789,14349
2021-02-06,UG,Uganda,0,327,32,0,39821,14349
2021-02-07,UG,Uganda,0,327,27,0,39848,14349
2021-02-08,UG,Uganda,0,327,12,91,39860,14440
2021-02-09,UG,Uganda,0,327,23,0,39883,14440
2021-02-10,UG,Uganda,1,328,28,30,39911,14470
2021-02-11,UG,Uganda,0,328,31,0,39942,14470
2021-02-12,UG,Uganda,0,328,37,50,39979,14520
2021-02-13,UG,Uganda,0,328,40,0,40019,14520
2021-02-14,UG,Uganda,0,328,0,0,40019,14520
2021-02-15,UG,Uganda,0,328,36,0,40055,14520
2021-02-16,UG,Uganda,3,331,8,25,40063,14545
2021-02-17,UG,Uganda,0,331,39,24,40102,14569
2021-02-18,UG,Uganda,0,331,52,0,40154,14569
2021-02-19,UG,Uganda,0,331,14,9,40168,14578
2021-02-20,UG,Uganda,2,333,31,0,40199,14578
2021-02-21,UG,Uganda,0,333,14,0,40213,14578
2021-02-22,UG,Uganda,0,333,8,30,40221,14608
2021-02-23,UG,Uganda,0,333,22,7,40243,14615
2021-02-24,UG,Uganda,1,334,18,1,40261,14616
2021-02-25,UG,Uganda,0,334,39,0,40300,14616
2021-02-26,UG,Uganda,0,334,22,0,40322,14616
2021-02-27,UG,Uganda,0,334,13,0,40335,14616
2021-02-28,UG,Uganda,0,334,22,50,40357,14666
2021-03-01,UG,Uganda,0,334,10,323,40367,14989
2021-03-02,UG,Uganda,0,334,28,19,40395,15008
2021-03-03,UG,Uganda,0,334,13,41,40408,15049
2021-03-04,UG,Uganda,0,334,18,3,40426,15052
2021-03-05,UG,Uganda,0,334,26,13,40452,15065
2021-03-06,UG,Uganda,0,334,0,0,40452,15065
2021-03-07,UG,Uganda,0,334,12,0,40464,15065
2021-03-08,UG,Uganda,0,334,15,0,40479,15065
2021-03-09,UG,Uganda,0,334,11,10,40490,15075
2021-03-10,UG,Uganda,0,334,30,20,40520,15095
2021-03-11,UG,Uganda,0,334,15,0,40535,15095
2021-03-12,UG,Uganda,0,334,9,0,40544,15095
2021-03-13,UG,Uganda,0,334,0,0,40544,15095
2021-03-14,UG,Uganda,0,334,37,0,40581,15095
2021-03-15,UG,Uganda,0,334,10,4,40591,15099
2021-03-16,UG,Uganda,0,334,2,0,40593,15099
2021-03-17,UG,Uganda,0,334,14,0,40607,15099
2021-03-18,UG,Uganda,0,334,18,11,40625,15110
2021-03-19,UG,Uganda,0,334,26,23,40651,15133
2021-03-20,UG,Uganda,0,334,0,0,40651,15133
2021-03-21,UG,Uganda,0,334,20,0,40671,15133
2021-03-22,UG,Uganda,0,334,16,0,40687,15133
2021-03-23,UG,Uganda,0,334,32,6,40719,15139
2021-03-24,UG,Uganda,0,334,0,0,40719,15139
2021-03-25,UG,Uganda,0,334,15,8,40734,15147
2021-03-26,UG,Uganda,1,335,17,25232,40751,40379
2021-03-27,UG,Uganda,0,335,16,0,40767,40379
2021-03-28,UG,Uganda,0,335,27,43,40794,40422
2021-03-29,UG,Uganda,0,335,26,26,40820,40448
2021-03-30,UG,Uganda,0,335,19,0,40839,40448
2021-03-31,UG,Uganda,0,335,28,1,40867,40449
2021-04-01,UG,Uganda,0,335,22,3,40889,40452
2021-04-02,UG,Uganda,0,335,35,0,40924,40452
2021-04-03,UG,Uganda,0,335,38,0,40962,40452
2021-04-04,UG,Uganda,0,335,0,0,40962,40452
2020-12-01,TZ,"Tanzania, United Republic of",0,21,0,0,509,183
2020-12-02,TZ,"Tanzania, United Republic of",0,21,0,0,509,183
2020-12-03,TZ,"Tanzania, United Republic of",0,21,0,0,509,183
2020-12-04,TZ,"Tanzania, United Republic of",0,21,0,0,509,183
2020-12-05,TZ,"Tanzania, United Republic of",0,21,0,0,509,183
2020-12-06,TZ,"Tanzania, United Republic of",0,21,0,0,509,183
2020-12-07,TZ,"Tanzania, United Republic of",0,21,0,0,509,183
2020-12-08,TZ,"Tanzania, United Republic of",0,21,0,0,509,183
2020-12-09,TZ,"Tanzania, United Republic of",0,21,0,0,509,183
2020-12-10,TZ,"Tanzania, United Republic of",0,21,0,0,509,183
2020-12-11,TZ,"Tanzania, United Republic of",0,21,0,0,509,183
2020-12-12,TZ,"Tanzania, United Republic of",0,21,0,0,509,183
2020-12-13,TZ,"Tanzania, United Republic of",0,21,0,0,509,183
2020-12-14,TZ,"Tanzania, United Republic of",0,21,0,0,509,183
2020-12-15,TZ,"Tanzania, United Republic of",0,21,0,0,509,183
2020-12-16,TZ,"Tanzania, United Republic of",0,21,0,0,509,183
2020-12-17,TZ,"Tanzania, United Republic of",0,21,0,0,509,183
2020-12-18,TZ,"Tanzania, United Republic of",0,21,0,0,509,183
2020-12-19,TZ,"Tanzania, United Republic of",0,21,0,0,509,183
2020-12-20,TZ,"Tanzania, United Republic of",0,21,0,0,509,183
2020-12-21,TZ,"Tanzania, United Republic of",0,21,0,0,509,183
2020-12-22,TZ,"Tanzania, United Republic of",0,21,0,0,509,183
2020-12-23,TZ,"Tanzania, United Republic of",0,21,0,0,509,183
2020-12-24,TZ,"Tanzania, United Republic of",0,21,0,0,509,183
2020-12-25,TZ,"Tanzania, United Republic of",0,21,0,0,509,183
2020-12-26,TZ,"Tanzania, United Republic of",0,21,0,0,509,183
2020-12-27,TZ,"Tanzania, United Republic of",0,21,0,0,509,183
2020-12-28,TZ,"Tanzania, United Republic of",0,21,0,0,509,183
2020-12-29,TZ,"Tanzania, United Republic of",0,21,0,0,509,183
2020-12-30,TZ,"Tanzania, United Republic of",0,21,0,0,509,183
2020-12-31,TZ,"Tanzania, United Republic of",0,21,0,0,509,183
2021-01-01,TZ,"Tanzania, United Republic of",0,21,0,0,509,183
2021-01-02,TZ,"Tanzania, United Republic of",0,21,0,0,509,183
2021-01-03,TZ,"Tanzania, United Republic of",0,21,0,0,509,183
2021-01-04,TZ,"Tanzania, United Republic of",0,21,0,0,509,183
2021-01-05,TZ,"Tanzania, United Republic of",0,21,0,0,509,183
2021-01-06,TZ,"Tanzania, United Republic of",0,21,0,0,509,183
2021-01-07,TZ,"Tanzania, United Republic of",0,21,0,0,509,183
2021-01-08,TZ,"Tanzania, United Republic of",0,21,0,0,509,183
2021-01-09,TZ,"Tanzania, United Republic of",0,21,0,0,509,183
2021-01-10,TZ,"Tanzania, United Republic of",0,21,0,0,509,183
2021-01-11,TZ,"Tanzania, United Republic of",0,21,0,0,509,183
2021-01-12,TZ,"Tanzania, United Republic of",0,21,0,0,509,183
2021-01-13,TZ,"Tanzania, United Republic of",0,21,0,0,509,183
2021-01-14,TZ,"Tanzania, United Republic of",0,21,0,0,509,183
2021-01-15,TZ,"Tanzania, United Republic of",0,21,0,0,509,183
2021-01-16,TZ,"Tanzania, United Republic of",0,21,0,0,509,183
2021-01-17,TZ,"Tanzania, United Republic of",0,21,0,0,509,183
2021-01-18,TZ,"Tanzania, United Republic of",0,21,0,0,509,183
2021-01-19,TZ,"Tanzania, United Republic of",0,21,0,0,509,183
2021-01-20,TZ,"Tanzania, United Republic of",0,21,0,0,509,183
2021-01-21,TZ,"Tanzania, United Republic of",0,21,0,0,509,183
2021-01-22,TZ,"Tanzania, United Republic of",0,21,0,0,509,183
2021-01-23,TZ,"Tanzania, United Republic of",0,21,0,0,509,183
2021-01-24,TZ,"Tanzania, United Republic of",0,21,0,0,509,183
2021-01-25,TZ,"Tanzania, United Republic of",0,21,0,0,509,183
2021-01-26,TZ,"Tanzania, United Republic of",0,21,0,0,509,183
2021-01-27,TZ,"Tanzania, United Republic of",0,21,0,0,509,183
2021-01-28,TZ,"Tanzania, United Republic of",0,21,0,0,509,183
2021-01-29,TZ,"Tanzania, United Republic of",0,21,0,0,509,183
2021-01-30,TZ,"Tanzania, United Republic of",0,21,0,0,509,183
2021-01-31,TZ,"Tanzania, United Republic of",0,21,0,0,509,183
2021-02-01,TZ,"Tanzania, United Republic of",0,21,0,0,509,183
2021-02-02,TZ,"Tanzania, United Republic of",0,21,0,0,509,183
2021-02-03,TZ,"Tanzania, United Republic of",0,21,0,0,509,183
2021-02-04,TZ,"Tanzania, United Republic of",0,21,0,0,509,183
2021-02-05,TZ,"Tanzania, United Republic of",0,21,0,0,509,183
2021-02-06,TZ,"Tanzania, United Republic of",0,21,0,0,509,183
2021-02-07,TZ,"Tanzania, United Republic of",0,21,0,0,509,183
2021-02-08,TZ,"Tanzania, United Republic of",0,21,0,0,509,183
2021-02-09,TZ,"Tanzania, United Republic of",0,21,0,0,509,183
2021-02-10,TZ,"Tanzania, United Republic of",0,21,0,0,509,183
2021-02-11,TZ,"Tanzania, United Republic of",0,21,0,0,509,183
2021-02-12,TZ,"Tanzania, United Republic of",0,21,0,0,509,183
2021-02-13,TZ,"Tanzania, United Republic of",0,21,0,0,509,183
2021-02-14,TZ,"Tanzania, United Republic of",0,21,0,0,509,183
2021-02-15,TZ,"Tanzania, United Republic of",0,21,0,0,509,183
2021-02-16,TZ,"Tanzania, United Republic of",0,21,0,0,509,183
2021-02-17,TZ,"Tanzania, United Republic of",0,21,0,0,509,183
2021-02-18,TZ,"Tanzania, United Republic of",0,21,0,0,509,183
2021-02-19,TZ,"Tanzania, United Republic of",0,21,0,0,509,183
2021-02-20,TZ,"Tanzania, United Republic of",0,21,0,0,509,183
2021-02-21,TZ,"Tanzania, United Republic of",0,21,0,0,509,183
2021-02-22,TZ,"Tanzania, United Republic of",0,21,0,0,509,183
2021-02-23,TZ,"Tanzania, United Republic of",0,21,0,0,509,183
2021-02-24,TZ,"Tanzania, United Republic of",0,21,0,0,509,183
2021-02-25,TZ,"Tanzania, United Republic of",0,21,0,0,509,183
2021-02-26,TZ,"Tanzania, United Republic of",0,21,0,0,509,183
2021-02-27,TZ,"Tanzania, United Republic of",0,21,0,0,509,183
2021-02-28,TZ,"Tanzania, United Republic of",0,21,0,0,509,183
2021-03-01,TZ,"Tanzania, United Republic of",0,21,0,0,509,183
2021-03-02,TZ,"Tanzania, United Republic of",0,21,0,0,509,183
2021-03-03,TZ,"Tanzania, United Republic of",0,21,0,0,509,183
2021-03-04,TZ,"Tanzania, United Republic of",0,21,0,0,509,183
2021-03-05,TZ,"Tanzania, United Republic of",0,21,0,0,509,183
2021-03-06,TZ,"Tanzania, United Republic of",0,21,0,0,509,183
2021-03-07,TZ,"Tanzania, United Republic of",0,21,0,0,509,183
2021-03-08,TZ,"Tanzania, United Republic of",0,21,0,0,509,183
2021-03-09,TZ,"Tanzania, United Republic of",0,21,0,0,509,183
2021-03-10,TZ,"Tanzania, United Republic of",0,21,0,0,509,183
2021-03-11,TZ,"Tanzania, United Republic of",0,21,0,0,509,183
2021-03-12,TZ,"Tanzania, United Republic of",0,21,0,0,509,183
2021-03-13,TZ,"Tanzania, United Republic of",0,21,0,0,509,183
2021-03-14,TZ,"Tanzania, United Republic of",0,21,0,0,509,183
2021-03-15,TZ,"Tanzania, United Republic of",0,21,0,0,509,183
2021-03-16,TZ,"Tanzania, United Republic of",0,21,0,0,509,183
2021-03-17,TZ,"Tanzania, United Republic of",0,21,0,0,509,183
2021-03-18,TZ,"Tanzania, United Republic of",0,21,0,0,509,183
2021-03-19,TZ,"Tanzania, United Republic of",0,21,0,0,509,183
2021-03-20,TZ,"Tanzania, United Republic of",0,21,0,0,509,183
2021-03-21,TZ,"Tanzania, United Republic of",0,21,0,0,509,183
2021-03-22,TZ,"Tanzania, United Republic of",0,21,0,0,509,183
2021-03-23,TZ,"Tanzania, United Republic of",0,21,0,0,509,183
2021-03-24,TZ,"Tanzania, United Republic of",0,21,0,0,509,183
2021-03-25,TZ,"Tanzania, United Republic of",0,21,0,0,509,183
2021-03-26,TZ,"Tanzania, United Republic of",0,21,0,0,509,183
2021-03-27,TZ,"Tanzania, United Republic of",0,21,0,0,509,183
2021-03-28,TZ,"Tanzania, United Republic of",0,21,0,0,509,183
2021-03-29,TZ,"Tanzania, United Republic of",0,21,0,0,509,183
2021-03-30,TZ,"Tanzania, United Republic of",0,21,0,0,509,183
2021-03-31,TZ,"Tanzania, United Republic of",0,21,0,0,509,183
2021-04-01,TZ,"Tanzania, United Republic of",0,21,0,0,509,183
2021-04-02,TZ,"Tanzania, United Republic of",0,21,0,0,509,183
2021-04-03,TZ,"Tanzania, United Republic of",0,21,0,0,509,183
2021-04-04,TZ,"Tanzania, United Republic of",0,21,0,0,509,183
2020-12-01,NP,Nepal,21,1529,0,2073,233452,216594
2020-12-02,NP,Nepal,9,1538,2794,1567,236246,218161
2020-12-03,NP,Nepal,13,1551,1343,2111,237589,220272
2020-12-04,NP,Nepal,16,1567,1272,1575,238861,221847
2020-12-05,NP,Nepal,10,1577,1024,2206,239885,224053
2020-12-06,NP,Nepal,17,1594,1096,1752,240981,225805
2020-12-07,NP,Nepal,20,1614,1014,1628,241995,227433
2020-12-08,NP,Nepal,23,1637,1382,1621,243377,229054
2020-12-09,NP,Nepal,14,1651,1056,1483,244433,230537
2020-12-10,NP,Nepal,12,1663,1217,1064,245650,231601
2020-12-11,NP,Nepal,11,1674,1044,1271,246694,232872
2020-12-12,NP,Nepal,15,1689,899,1359,247593,234231
2020-12-13,NP,Nepal,9,1698,830,1500,248423,235731
2020-12-14,NP,Nepal,18,1716,821,842,249244,236573
2020-12-15,NP,Nepal,14,1730,936,1996,250180,238569
2020-12-16,NP,Nepal,13,1743,736,0,250916,238569
2020-12-17,NP,Nepal,6,1749,776,1794,251692,240363
2020-12-18,NP,Nepal,16,1765,782,1029,252474,241392
2020-12-19,NP,Nepal,12,1777,710,1175,253184,242567
2020-12-20,NP,Nepal,11,1788,588,1097,253772,243664
2020-12-21,NP,Nepal,7,1795,742,1079,254514,244743
2020-12-22,NP,Nepal,3,1798,722,966,255236,245709
2020-12-23,NP,Nepal,5,1803,743,952,255979,246661
2020-12-24,NP,Nepal,5,1808,613,739,256592,247400
2020-12-25,NP,Nepal,8,1816,608,892,257200,248292
2020-12-26,NP,Nepal,3,1819,500,840,257700,249132
2020-12-27,NP,Nepal,6,1825,481,731,258181,249863
2020-12-28,NP,Nepal,7,1832,659,718,258840,250581
2020-12-29,NP,Nepal,8,1840,708,731,259548,251312
2020-12-30,NP,Nepal,7,1847,511,600,260059,251912
2020-12-31,NP,Nepal,9,1856,534,447,260593,252359
2021-01-01,NP,Nepal,8,1864,426,748,261019,253107
2021-01-02,NP,Nepal,6,1870,419,750,261438,253857
2021-01-03,NP,Nepal,8,1878,421,637,261859,254494
2021-01-04,NP,Nepal,7,1885,403,594,262262,255088
2021-01-05,NP,Nepal,8,1893,522,578,262784,255666
2021-01-06,NP,Nepal,6,1899,409,495,263193,256161
2021-01-07,NP,Nepal,4,1903,412,483,263605,256644
2021-01-08,NP,Nepal,6,1909,554,585,264159,257229
2021-01-09,NP,Nepal,3,1912,362,699,264521,257928
2021-01-10,NP,Nepal,5,1917,259,513,264780,258441
2021-01-11,NP,Nepal,10,1927,488,527,265268,258968
2021-01-12,NP,Nepal,5,1932,430,390,265698,259358
2021-01-13,NP,Nepal,5,1937,445,414,266143,259772
2021-01-14,NP,Nepal,6,1943,403,405,266546,260177
2021-01-15,NP,Nepal,5,1948,270,390,266816,260567
2021-01-16,NP,Nepal,6,1954,240,477,267056,261044
2021-01-17,NP,Nepal,5,1959,266,400,267322,261444
2021-01-18,NP,Nepal,6,1965,322,374,267644,261818
2021-01-19,NP,Nepal,4,1969,348,441,267992,262259
2021-01-20,NP,Nepal,6,1975,318,383,268310,262642
2021-01-21,NP,Nepal,4,1979,336,226,268646,262868
2021-01-22,NP,Nepal,7,1986,302,480,268948,263348
2021-01-23,NP,Nepal,8,1994,232,386,269180,263734
2021-01-24,NP,Nepal,7,2001,270,403,269450,264137
2021-01-25,NP,Nepal,10,2011,339,401,269789,264538
2021-01-26,NP,Nepal,6,2017,303,285,270092,264823
2021-01-27,NP,Nepal,3,2020,283,246,270375,265069
2021-01-28,NP,Nepal,0,2020,213,296,270588,265365
2021-01-29,NP,Nepal,5,2025,157,333,270745,265698
2021-01-30,NP,Nepal,2,2027,109,350,270854,266048
2021-01-31,NP,Nepal,2,2029,105,288,270959,266336
2021-02-01,NP,Nepal,0,2029,159,264,271118,266600
2021-02-02,NP,Nepal,1,2030,171,259,271289,266859
2021-02-03,NP,Nepal,1,2031,142,206,271431,267065
2021-02-04,NP,Nepal,2,2033,171,227,271602,267292
2021-02-05,NP,Nepal,2,2035,105,272,271707,267564
2021-02-06,NP,Nepal,0,2035,99,248,271806,267812
2021-02-07,NP,Nepal,3,2038,119,260,271925,268072
2021-02-08,NP,Nepal,7,2045,130,194,272055,268266
2021-02-09,NP,Nepal,2,2047,160,165,272215,268431
2021-02-10,NP,Nepal,0,2047,134,118,272349,268549
2021-02-11,NP,Nepal,5,2052,81,111,272430,268660
2021-02-12,NP,Nepal,2,2054,127,136,272557,268796
2021-02-13,NP,Nepal,0,2054,57,133,272614,268929
2021-02-14,NP,Nepal,0,2054,104,131,272718,269060
2021-02-15,NP,Nepal,1,2055,122,144,272840,269204
2021-02-16,NP,Nepal,0,2055,105,99,272945,269303
2021-02-17,NP,Nepal,0,2055,125,91,273070,269394
2021-02-18,NP,Nepal,3,2058,96,111,273166,269505
2021-02-19,NP,Nepal,3,2061,97,114,273263,269619
2021-02-20,NP,Nepal,0,2061,88,136,273351,269755
2021-02-21,NP,Nepal,0,2061,80,121,273431,269876
2021-02-22,NP,Nepal,0,2061,125,90,273556,269966
2021-02-23,NP,Nepal,4,2065,110,102,273666,270068
2021-02-24,NP,Nepal,619,2684,94,71,273760,270139
2021-02-25,NP,Nepal,1,2685,112,84,273872,270223
2021-02-26,NP,Nepal,86,2771,112,54,273984,270277
2021-02-27,NP,Nepal,2,2773,81,48,274065,270325
2021-02-28,NP,Nepal,1,2774,78,82,274143,270407
2021-03-01,NP,Nepal,3,2777,73,64,274216,270471
2021-03-02,NP,Nepal,0,2777,78,72,274294,270543
2021-03-03,NP,Nepal,1,2778,87,62,274381,270605
2021-03-04,NP,Nepal,0,2778,107,78,274488,270683
2021-03-05,NP,Nepal,232,3010,120,83,274608,270766
2021-03-06,NP,Nepal,0,3010,47,62,274655,270828
2021-03-07,NP,Nepal,0,3010,66,58,274721,270886
2021-03-08,NP,Nepal,1,3011,89,41,274810,270927
2021-03-09,NP,Nepal,1,3012,59,60,274869,270987
2021-03-10,NP,Nepal,0,3012,104,63,274973,271050
2021-03-11,NP,Nepal,0,3012,97,66,275070,271116
2021-03-12,NP,Nepal,0,3012,48,61,275118,271177
2021-03-13,NP,Nepal,2,3014,60,72,275178,271249
2021-03-14,NP,Nepal,0,3014,53,77,275231,271326
2021-03-15,NP,Nepal,0,3014,79,75,275310,271401
2021-03-16,NP,Nepal,0,3014,114,94,275424,271495
2021-03-17,NP,Nepal,0,3014,94,55,275518,271550
2021-03-18,NP,Nepal,1,3015,107,60,275625,271610
2021-03-19,NP,Nepal,1,3016,125,123,275750,271733
2021-03-20,NP,Nepal,0,3016,79,82,275829,271815
2021-03-21,NP,Nepal,0,3016,77,106,275906,271921
2021-03-22,NP,Nepal,3,3019,150,99,276056,272020
2021-03-23,NP,Nepal,0,3019,188,77,276244,272097
2021-03-24,NP,Nepal,1,3020,145,90,276389,272187
2021-03-25,NP,Nepal,0,3020,120,85,276509,272272
2021-03-26,NP,Nepal,4,3024,156,70,276665,272342
2021-03-27,NP,Nepal,3,3027,85,93,276750,272435
2021-03-28,NP,Nepal,0,3027,89,95,276839,272530
2021-03-29,NP,Nepal,0,3027,141,82,276980,272612
2021-03-30,NP,Nepal,3,3030,167,115,277147,272727
2021-03-31,NP,Nepal,0,3030,162,59,277309,272786
2021-04-01,NP,Nepal,1,3031,152,65,277461,272851
2021-04-02,NP,Nepal,0,3031,179,111,277640,272962
2021-04-03,NP,Nepal,1,3032,128,161,277768,273123
2021-04-04,NP,Nepal,0,3032,176,117,277944,273240
2020-12-01,SM,San Marino,0,46,38,35,1650,1334
2020-12-02,SM,San Marino,0,46,37,6,1687,1340
2020-12-03,SM,San Marino,0,46,27,16,1714,1356
2020-12-04,SM,San Marino,1,47,42,25,1756,1381
2020-12-05,SM,San Marino,1,48,33,31,1789,1412
2020-12-06,SM,San Marino,0,48,0,0,1789,1412
2020-12-07,SM,San Marino,0,48,11,26,1800,1438
2020-12-08,SM,San Marino,0,48,0,0,1800,1438
2020-12-09,SM,San Marino,1,49,34,54,1834,1492
2020-12-10,SM,San Marino,0,49,34,32,1868,1524
2020-12-11,SM,San Marino,1,50,40,31,1908,1555
2020-12-12,SM,San Marino,1,51,24,20,1932,1575
2020-12-13,SM,San Marino,0,51,0,0,1932,1575
2020-12-14,SM,San Marino,0,51,2,33,1934,1608
2020-12-15,SM,San Marino,1,52,48,77,1982,1685
2020-12-16,SM,San Marino,2,54,43,9,2025,1694
2020-12-17,SM,San Marino,0,54,24,9,2049,1703
2020-12-18,SM,San Marino,1,55,23,30,2072,1733
2020-12-19,SM,San Marino,0,55,35,3,2107,1736
2020-12-20,SM,San Marino,0,55,0,0,2107,1736
2020-12-21,SM,San Marino,0,55,28,31,2135,1767
2020-12-22,SM,San Marino,1,56,41,58,2176,1825
2020-12-23,SM,San Marino,0,56,29,21,2205,1846
2020-12-24,SM,San Marino,0,56,26,17,2231,1863
2020-12-25,SM,San Marino,0,56,0,0,2231,1863
2020-12-26,SM,San Marino,0,56,0,0,2231,1863
2020-12-27,SM,San Marino,0,56,0,0,2231,1863
2020-12-28,SM,San Marino,1,57,44,92,2275,1955
2020-12-29,SM,San Marino,2,59,58,55,2333,2010
2020-12-30,SM,San Marino,0,59,51,25,2384,2035
2020-12-31,SM,San Marino,0,59,44,7,2428,2042
2021-01-01,SM,San Marino,0,59,0,0,2428,2042
2021-01-02,SM,San Marino,0,59,0,0,2428,2042
2021-01-03,SM,San Marino,0,59,0,0,2428,2042
2021-01-04,SM,San Marino,3,62,65,85,2493,2127
2021-01-05,SM,San Marino,0,62,56,31,2549,2158
2021-01-06,SM,San Marino,0,62,0,0,2549,2158
2021-01-07,SM,San Marino,2,64,34,21,2583,2179
2021-01-08,SM,San Marino,0,64,45,41,2628,2220
2021-01-09,SM,San Marino,0,64,0,0,2628,2220
2021-01-10,SM,San Marino,0,64,0,0,2628,2220
2021-01-11,SM,San Marino,0,64,39,77,2667,2297
2021-01-12,SM,San Marino,1,65,39,36,2706,2333
2021-01-13,SM,San Marino,0,65,17,40,2723,2373
2021-01-14,SM,San Marino,0,65,14,8,2737,2381
2021-01-15,SM,San Marino,0,65,30,49,2767,2430
2021-01-16,SM,San Marino,0,65,11,25,2778,2455
2021-01-17,SM,San Marino,0,65,0,0,2778,2455
2021-01-18,SM,San Marino,0,65,9,9,2787,2464
2021-01-19,SM,San Marino,0,65,16,66,2803,2530
2021-01-20,SM,San Marino,0,65,12,18,2815,2548
2021-01-21,SM,San Marino,0,65,18,8,2833,2556
2021-01-22,SM,San Marino,0,65,28,41,2861,2597
2021-01-23,SM,San Marino,0,65,13,18,2874,2615
2021-01-24,SM,San Marino,0,65,0,0,2874,2615
2021-01-25,SM,San Marino,0,65,15,13,2889,2628
2021-01-26,SM,San Marino,0,65,26,32,2915,2660
2021-01-27,SM,San Marino,0,65,26,15,2941,2675
2021-01-28,SM,San Marino,0,65,28,9,2969,2684
2021-01-29,SM,San Marino,0,65,27,11,2996,2695
2021-01-30,SM,San Marino,0,65,0,0,2996,2695
2021-01-31,SM,San Marino,2,67,29,28,3025,2723
2021-02-01,SM,San Marino,0,67,0,0,3025,2723
2021-02-02,SM,San Marino,0,67,41,29,3066,2752
2021-02-03,SM,San Marino,1,68,28,21,3094,2773
2021-02-04,SM,San Marino,0,68,17,1,3111,2774
2021-02-05,SM,San Marino,0,68,0,0,3111,2774
2021-02-06,SM,San Marino,1,69,16,21,3127,2795
2021-02-07,SM,San Marino,0,69,0,0,3127,2795
2021-02-08,SM,San Marino,0,69,10,40,3137,2835
2021-02-09,SM,San Marino,2,71,50,51,3187,2886
2021-02-10,SM,San Marino,0,71,26,11,3213,2897
2021-02-11,SM,San Marino,1,72,34,21,3247,2918
2021-02-12,SM,San Marino,0,72,31,38,3278,2956
2021-02-13,SM,San Marino,0,72,0,0,3278,2956
2021-02-14,SM,San Marino,0,72,0,0,3278,2956
2021-02-15,SM,San Marino,0,72,39,37,3317,2993
2021-02-16,SM,San Marino,0,72,35,16,3352,3009
2021-02-17,SM,San Marino,0,72,42,19,3394,3028
2021-02-18,SM,San Marino,0,72,26,7,3420,3035
2021-02-19,SM,San Marino,0,72,20,35,3440,3070
2021-02-20,SM,San Marino,0,72,32,22,3472,3092
2021-02-21,SM,San Marino,0,72,0,0,3472,3092
2021-02-22,SM,San Marino,0,72,22,23,3494,3115
2021-02-23,SM,San Marino,1,73,44,52,3538,3167
2021-02-24,SM,San Marino,0,73,47,28,3585,3195
2021-02-25,SM,San Marino,0,73,36,6,3621,3201
2021-02-26,SM,San Marino,0,73,50,23,3671,3224
2021-02-27,SM,San Marino,1,74,45,33,3716,3257
2021-02-28,SM,San Marino,0,74,0,0,3716,3257
2021-03-01,SM,San Marino,0,74,30,19,3746,3276
2021-03-02,SM,San Marino,0,74,45,49,3791,3325
2021-03-03,SM,San Marino,1,75,38,20,3829,3345
2021-03-04,SM,San Marino,0,75,38,16,3867,3361
2021-03-05,SM,San Marino,1,76,29,25,3896,3386
2021-03-06,SM,San Marino,0,76,26,40,3922,3426
2021-03-07,SM,San Marino,0,76,0,0,3922,3426
2021-03-08,SM,San Marino,0,76,13,8,3935,3434
2021-03-09,SM,San Marino,1,77,49,23,3984,3457
2021-03-10,SM,San Marino,0,77,46,20,4030,3477
2021-03-11,SM,San Marino,0,77,32,34,4062,3511
2021-03-12,SM,San Marino,0,77,34,39,4096,3550
2021-03-13,SM,San Marino,0,77,30,44,4126,3594
2021-03-14,SM,San Marino,0,77,0,0,4126,3594
2021-03-15,SM,San Marino,0,77,25,30,4151,3624
2021-03-16,SM,San Marino,0,77,53,67,4204,3691
2021-03-17,SM,San Marino,0,77,45,38,4249,3729
2021-03-18,SM,San Marino,1,78,43,29,4292,3758
2021-03-19,SM,San Marino,1,79,36,28,4328,3786
2021-03-20,SM,San Marino,0,79,28,19,4356,3805
2021-03-21,SM,San Marino,0,79,0,0,4356,3805
2021-03-22,SM,San Marino,0,79,32,14,4388,3819
2021-03-23,SM,San Marino,1,80,44,55,4432,3874
2021-03-24,SM,San Marino,2,82,52,40,4484,3914
2021-03-25,SM,San Marino,0,82,0,0,4484,3914
2021-03-26,SM,San Marino,2,84,63,33,4547,3947
2021-03-27,SM,San Marino,0,84,56,53,4603,4000
2021-03-28,SM,San Marino,0,84,0,0,4603,4000
2021-03-29,SM,San Marino,0,84,28,29,4631,4029
2021-03-30,SM,San Marino,0,84,47,60,4678,4089
2021-03-31,SM,San Marino,0,84,52,39,4730,4128
2021-04-01,SM,San Marino,0,84,0,0,4730,4128
2021-04-02,SM,San Marino,0,84,45,42,4775,4170
2021-04-03,SM,San Marino,0,84,0,0,4775,4170
2021-04-04,SM,San Marino,0,84,0,0,4775,4170
2020-12-01,MW,Malawi,0,185,0,10,6028,5465
2020-12-02,MW,Malawi,0,185,12,6,6040,5471
2020-12-03,MW,Malawi,0,185,3,1,6043,5472
2020-12-04,MW,Malawi,0,185,4,0,6047,5472
2020-12-05,MW,Malawi,0,185,2,4,6049,5476
2020-12-06,MW,Malawi,0,185,2,0,6051,5476
2020-12-07,MW,Malawi,0,185,0,0,6051,5476
2020-12-08,MW,Malawi,1,186,0,6,6051,5482
2020-12-09,MW,Malawi,0,186,0,5,6051,5487
2020-12-10,MW,Malawi,0,186,0,0,6051,5487
2020-12-11,MW,Malawi,0,186,4,3,6055,5490
2020-12-12,MW,Malawi,0,186,8,1,6063,5491
2020-12-13,MW,Malawi,1,187,3,0,6066,5491
2020-12-14,MW,Malawi,0,187,4,0,6070,5491
2020-12-15,MW,Malawi,0,187,10,168,6080,5659
2020-12-16,MW,Malawi,0,187,11,2,6091,5661
2020-12-17,MW,Malawi,0,187,47,0,6138,5661
2020-12-18,MW,Malawi,0,187,10,1,6148,5662
2020-12-19,MW,Malawi,0,187,5,0,6153,5662
2020-12-20,MW,Malawi,0,187,8,1,6161,5663
2020-12-21,MW,Malawi,0,187,41,1,6202,5664
2020-12-22,MW,Malawi,0,187,46,4,6248,5668
2020-12-23,MW,Malawi,0,187,13,7,6261,5675
2020-12-24,MW,Malawi,0,187,16,1,6277,5676
2020-12-25,MW,Malawi,0,187,62,0,6339,5676
2020-12-26,MW,Malawi,1,188,4,4,6343,5680
2020-12-27,MW,Malawi,0,188,11,2,6354,5682
2020-12-28,MW,Malawi,0,188,23,0,6377,5682
2020-12-29,MW,Malawi,0,188,11,6,6388,5688
2020-12-30,MW,Malawi,1,189,83,12,6471,5700
2020-12-31,MW,Malawi,0,189,112,5,6583,5705
2021-01-01,MW,Malawi,2,191,101,3,6684,5708
2021-01-02,MW,Malawi,1,192,28,2,6712,5710
2021-01-03,MW,Malawi,3,195,132,5,6844,5715
2021-01-04,MW,Malawi,1,196,91,3,6935,5718
2021-01-05,MW,Malawi,3,199,175,35,7110,5753
2021-01-06,MW,Malawi,0,199,227,34,7337,5787
2021-01-07,MW,Malawi,4,203,274,4,7611,5791
2021-01-08,MW,Malawi,5,208,314,11,7925,5802
2021-01-09,MW,Malawi,12,220,381,7,8306,5809
2021-01-10,MW,Malawi,5,225,269,17,8575,5826
2021-01-11,MW,Malawi,10,235,452,12,9027,5838
2021-01-12,MW,Malawi,0,235,0,0,9027,5838
2021-01-13,MW,Malawi,19,254,373,16,9400,5854
2021-01-14,MW,Malawi,21,275,591,12,9991,5866
2021-01-15,MW,Malawi,16,291,1232,108,11223,5974
2021-01-16,MW,Malawi,9,300,562,18,11785,5992
2021-01-17,MW,Malawi,14,314,685,44,12470,6036
2021-01-18,MW,Malawi,7,321,557,44,13027,6080
2021-01-19,MW,Malawi,15,336,853,47,13880,6127
2021-01-20,MW,Malawi,17,353,971,79,14851,6206
2021-01-21,MW,Malawi,43,396,1198,108,16049,6314
2021-01-22,MW,Malawi,49,445,1316,94,17365,6408
2021-01-23,MW,Malawi,25,470,1074,112,18439,6520
2021-01-24,MW,Malawi,38,508,956,179,19395,6699
2021-01-25,MW,Malawi,10,518,592,81,19987,6780
2021-01-26,MW,Malawi,22,540,843,225,20830,7005
2021-01-27,MW,Malawi,15,555,830,244,21660,7249
2021-01-28,MW,Malawi,73,628,644,299,22304,7548
2021-01-29,MW,Malawi,15,643,716,267,23020,7815
2021-01-30,MW,Malawi,44,687,477,503,23497,8318
2021-01-31,MW,Malawi,15,702,466,297,23963,8615
2021-02-01,MW,Malawi,10,712,402,330,24365,8945
2021-02-02,MW,Malawi,14,726,538,573,24903,9518
2021-02-03,MW,Malawi,35,761,546,296,25449,9814
2021-02-04,MW,Malawi,18,779,435,450,25884,10264
2021-02-05,MW,Malawi,0,779,476,497,26360,10761
2021-02-06,MW,Malawi,58,837,515,587,26875,11348
2021-02-07,MW,Malawi,19,856,320,248,27195,11596
2021-02-08,MW,Malawi,18,874,227,160,27422,11756
2021-02-09,MW,Malawi,9,883,300,309,27722,12065
2021-02-10,MW,Malawi,17,900,328,518,28050,12583
2021-02-11,MW,Malawi,14,914,220,296,28270,12879
2021-02-12,MW,Malawi,12,926,360,468,28630,13347
2021-02-13,MW,Malawi,11,937,246,207,28876,13554
2021-02-14,MW,Malawi,15,952,159,53,29035,13607
2021-02-15,MW,Malawi,6,958,146,588,29181,14195
2021-02-16,MW,Malawi,10,968,240,608,29421,14803
2021-02-17,MW,Malawi,8,976,213,518,29634,15321
2021-02-18,MW,Malawi,8,984,203,247,29837,15568
2021-02-19,MW,Malawi,13,997,440,683,30277,16251
2021-02-20,MW,Malawi,7,1004,251,369,30528,16620
2021-02-21,MW,Malawi,9,1013,214,220,30742,16840
2021-02-22,MW,Malawi,8,1021,200,344,30942,17184
2021-02-23,MW,Malawi,3,1024,164,261,31106,17445
2021-02-24,MW,Malawi,5,1029,189,125,31295,17570
2021-02-25,MW,Malawi,4,1033,207,475,31502,18045
2021-02-26,MW,Malawi,4,1037,173,138,31675,18183
2021-02-27,MW,Malawi,4,1041,123,241,31798,18424
2021-02-28,MW,Malawi,3,1044,147,450,31945,18874
2021-03-01,MW,Malawi,4,1048,63,639,32008,19513
2021-03-02,MW,Malawi,5,1053,140,391,32148,19904
2021-03-03,MW,Malawi,3,1056,81,300,32229,20204
2021-03-04,MW,Malawi,2,1058,54,378,32283,20582
2021-03-05,MW,Malawi,0,1058,0,0,32283,20582
2021-03-06,MW,Malawi,9,1067,115,1350,32398,21932
2021-03-07,MW,Malawi,2,1069,44,441,32442,22373
2021-03-08,MW,Malawi,1,1070,27,732,32469,23105
2021-03-09,MW,Malawi,4,1074,59,586,32528,23691
2021-03-10,MW,Malawi,3,1077,86,690,32614,24381
2021-03-11,MW,Malawi,1,1078,59,333,32673,24714
2021-03-12,MW,Malawi,1,1079,73,708,32746,25422
2021-03-13,MW,Malawi,3,1082,43,156,32789,25578
2021-03-14,MW,Malawi,0,1082,0,0,32789,25578
2021-03-15,MW,Malawi,2,1084,75,1029,32864,26607
2021-03-16,MW,Malawi,4,1088,30,283,32894,26890
2021-03-17,MW,Malawi,0,1088,76,294,32970,27184
2021-03-18,MW,Malawi,3,1091,75,348,33045,27532
2021-03-19,MW,Malawi,1,1092,129,315,33174,27847
2021-03-20,MW,Malawi,1,1093,42,261,33216,28108
2021-03-21,MW,Malawi,3,1096,21,528,33237,28636
2021-03-22,MW,Malawi,2,1098,33,311,33270,28947
2021-03-23,MW,Malawi,1,1099,53,173,33323,29120
2021-03-24,MW,Malawi,6,1105,31,133,33354,29253
2021-03-25,MW,Malawi,3,1108,33,7,33387,29260
2021-03-26,MW,Malawi,4,1112,28,157,33415,29417
2021-03-27,MW,Malawi,1,1113,43,168,33458,29585
2021-03-28,MW,Malawi,1,1114,23,26,33481,29611
2021-03-29,MW,Malawi,0,1114,24,427,33505,30038
2021-03-30,MW,Malawi,2,1116,20,118,33525,30156
2021-03-31,MW,Malawi,1,1117,26,116,33551,30272
2021-04-01,MW,Malawi,1,1118,33,107,33584,30379
2021-04-02,MW,Malawi,1,1119,55,111,33639,30490
2021-04-03,MW,Malawi,1,1120,8,103,33647,30593
2021-04-04,MW,Malawi,3,1123,14,93,33661,30686
2020-12-01,SY,Syrian Arab Republic,5,422,86,64,7973,3624
2020-12-02,SY,Syrian Arab Republic,4,426,86,65,8059,3689
2020-12-03,SY,Syrian Arab Republic,6,432,88,59,8147,3748
2020-12-04,SY,Syrian Arab Republic,5,437,86,63,8233,3811
2020-12-05,SY,Syrian Arab Republic,5,442,87,68,8320,3879
2020-12-06,SY,Syrian Arab Republic,5,447,83,64,8403,3943
2020-12-07,SY,Syrian Arab Republic,5,452,87,57,8490,4000
2020-12-08,SY,Syrian Arab Republic,6,458,90,59,8580,4059
2020-12-09,SY,Syrian Arab Republic,7,465,95,55,8675,4114
2020-12-10,SY,Syrian Arab Republic,11,476,112,60,8787,4174
2020-12-11,SY,Syrian Arab Republic,15,491,124,69,8911,4243
2020-12-12,SY,Syrian Arab Republic,15,506,130,76,9041,4319
2020-12-13,SY,Syrian Arab Republic,12,518,125,57,9166,4376
2020-12-14,SY,Syrian Arab Republic,12,530,136,56,9302,4432
2020-12-15,SY,Syrian Arab Republic,13,543,150,62,9452,4494
2020-12-16,SY,Syrian Arab Republic,11,554,151,54,9603,4548
2020-12-17,SY,Syrian Arab Republic,17,571,156,68,9759,4616
2020-12-18,SY,Syrian Arab Republic,20,591,169,70,9928,4686
2020-12-19,SY,Syrian Arab Republic,10,601,122,51,10050,4737
2020-12-20,SY,Syrian Arab Republic,9,610,145,49,10195,4786
2020-12-21,SY,Syrian Arab Republic,11,621,123,49,10318,4835
2020-12-22,SY,Syrian Arab Republic,9,630,124,50,10442,4885
2020-12-23,SY,Syrian Arab Republic,11,641,129,42,10571,4927
2020-12-24,SY,Syrian Arab Republic,11,652,130,70,10701,4997
2020-12-25,SY,Syrian Arab Republic,8,660,120,51,10821,5048
2020-12-26,SY,Syrian Arab Republic,9,669,111,45,10932,5093
2020-12-27,SY,Syrian Arab Republic,9,678,101,48,11033,5141
2020-12-28,SY,Syrian Arab Republic,8,686,105,51,11138,5192
2020-12-29,SY,Syrian Arab Republic,10,696,105,56,11243,5248
2020-12-30,SY,Syrian Arab Republic,8,704,101,48,11344,5296
2020-12-31,SY,Syrian Arab Republic,7,711,90,54,11434,5350
2021-01-01,SY,Syrian Arab Republic,6,717,92,70,11526,5420
2021-01-02,SY,Syrian Arab Republic,6,723,90,65,11616,5485
2021-01-03,SY,Syrian Arab Republic,6,729,94,61,11710,5546
2021-01-04,SY,Syrian Arab Republic,5,734,89,69,11799,5615
2021-01-05,SY,Syrian Arab Republic,7,741,91,71,11890,5686
2021-01-06,SY,Syrian Arab Republic,6,747,98,67,11988,5753
2021-01-07,SY,Syrian Arab Republic,8,755,96,71,12084,5824
2021-01-08,SY,Syrian Arab Republic,8,763,95,65,12179,5889
2021-01-09,SY,Syrian Arab Republic,5,768,95,64,12274,5953
2021-01-10,SY,Syrian Arab Republic,6,774,90,76,12364,6029
2021-01-11,SY,Syrian Arab Republic,7,781,98,69,12462,6098
2021-01-12,SY,Syrian Arab Republic,9,790,96,87,12558,6185
2021-01-13,SY,Syrian Arab Republic,9,799,102,74,12660,6259
2021-01-14,SY,Syrian Arab Republic,10,809,100,70,12760,6329
2021-01-15,SY,Syrian Arab Republic,8,817,90,76,12850,6405
2021-01-16,SY,Syrian Arab Republic,7,824,92,69,12942,6474
2021-01-17,SY,Syrian Arab Republic,8,832,94,74,13036,6548
2021-01-18,SY,Syrian Arab Republic,9,841,96,76,13132,6624
2021-01-19,SY,Syrian Arab Republic,9,850,92,72,13224,6696
2021-01-20,SY,Syrian Arab Republic,8,858,89,77,13313,6773
2021-01-21,SY,Syrian Arab Republic,8,866,85,69,13398,6842
2021-01-22,SY,Syrian Arab Republic,7,873,81,76,13479,6918
2021-01-23,SY,Syrian Arab Republic,6,879,78,71,13557,6989
2021-01-24,SY,Syrian Arab Republic,6,885,71,67,13628,7056
2021-01-25,SY,Syrian Arab Republic,5,890,69,65,13697,7121
2021-01-26,SY,Syrian Arab Republic,5,895,65,64,13762,7185
2021-01-27,SY,Syrian Arab Republic,5,900,61,75,13823,7260
2021-01-28,SY,Syrian Arab Republic,6,906,62,69,13885,7329
2021-01-29,SY,Syrian Arab Republic,5,911,59,77,13944,7406
2021-01-30,SY,Syrian Arab Republic,5,916,54,75,13998,7481
2021-01-31,SY,Syrian Arab Republic,5,921,50,81,14048,7562
2021-02-01,SY,Syrian Arab Republic,5,926,48,82,14096,7644
2021-02-02,SY,Syrian Arab Republic,3,929,46,81,14142,7725
2021-02-03,SY,Syrian Arab Republic,4,933,60,82,14202,7807
2021-02-04,SY,Syrian Arab Republic,5,938,65,85,14267,7892
2021-02-05,SY,Syrian Arab Republic,5,943,71,82,14338,7974
2021-02-06,SY,Syrian Arab Republic,4,947,70,79,14408,8053
2021-02-07,SY,Syrian Arab Republic,5,952,69,81,14477,8134
2021-02-08,SY,Syrian Arab Republic,6,958,74,79,14551,8213
2021-02-09,SY,Syrian Arab Republic,3,961,60,75,14611,8288
2021-02-10,SY,Syrian Arab Republic,4,965,57,78,14668,8366
2021-02-11,SY,Syrian Arab Republic,3,968,56,72,14724,8438
2021-02-12,SY,Syrian Arab Republic,3,971,41,82,14765,8520
2021-02-13,SY,Syrian Arab Republic,4,975,55,80,14820,8600
2021-02-14,SY,Syrian Arab Republic,3,978,43,79,14863,8679
2021-02-15,SY,Syrian Arab Republic,3,981,43,75,14906,8754
2021-02-16,SY,Syrian Arab Republic,3,984,45,72,14951,8826
2021-02-17,SY,Syrian Arab Republic,3,987,50,77,15001,8903
2021-02-18,SY,Syrian Arab Republic,3,990,44,79,15045,8982
2021-02-19,SY,Syrian Arab Republic,4,994,49,82,15094,9064
2021-02-20,SY,Syrian Arab Republic,2,996,49,80,15143,9144
2021-02-21,SY,Syrian Arab Republic,2,998,36,77,15179,9221
2021-02-22,SY,Syrian Arab Republic,3,1001,51,86,15230,9307
2021-02-23,SY,Syrian Arab Republic,3,1004,52,82,15282,9389
2021-02-24,SY,Syrian Arab Republic,4,1008,61,79,15343,9468
2021-02-25,SY,Syrian Arab Republic,6,1014,62,85,15405,9553
2021-02-26,SY,Syrian Arab Republic,4,1018,62,84,15467,9637
2021-02-27,SY,Syrian Arab Republic,5,1023,66,80,15533,9717
2021-02-28,SY,Syrian Arab Republic,4,1027,55,84,15588,9801
2021-03-01,SY,Syrian Arab Republic,5,1032,54,79,15642,9880
2021-03-02,SY,Syrian Arab Republic,7,1039,54,81,15696,9961
2021-03-03,SY,Syrian Arab Republic,6,1045,57,78,15753,10039
2021-03-04,SY,Syrian Arab Republic,5,1050,62,84,15815,10123
2021-03-05,SY,Syrian Arab Republic,4,1054,55,86,15870,10209
2021-03-06,SY,Syrian Arab Republic,4,1058,55,84,15925,10293
2021-03-07,SY,Syrian Arab Republic,5,1063,56,81,15981,10374
2021-03-08,SY,Syrian Arab Republic,5,1068,61,80,16042,10454
2021-03-09,SY,Syrian Arab Republic,6,1074,75,87,16117,10541
2021-03-10,SY,Syrian Arab Republic,5,1079,70,84,16187,10625
2021-03-11,SY,Syrian Arab Republic,6,1085,70,86,16257,10711
2021-03-12,SY,Syrian Arab Republic,5,1090,71,88,16328,10799
2021-03-13,SY,Syrian Arab Republic,4,1094,73,86,16401,10885
2021-03-14,SY,Syrian Arab Republic,5,1099,77,85,16478,10970
2021-03-15,SY,Syrian Arab Republic,5,1104,78,88,16556,11058
2021-03-16,SY,Syrian Arab Republic,6,1110,100,83,16656,11141
2021-03-17,SY,Syrian Arab Republic,10,1120,120,90,16776,11231
2021-03-18,SY,Syrian Arab Republic,10,1130,149,91,16925,11322
2021-03-19,SY,Syrian Arab Republic,11,1141,152,88,17077,11410
2021-03-20,SY,Syrian Arab Republic,12,1153,163,93,17240,11503
2021-03-21,SY,Syrian Arab Republic,10,1163,171,96,17411,11599
2021-03-22,SY,Syrian Arab Republic,12,1175,172,94,17583,11693
2021-03-23,SY,Syrian Arab Republic,8,1183,160,101,17743,11794
2021-03-24,SY,Syrian Arab Republic,12,1195,153,113,17896,11907
2021-03-25,SY,Syrian Arab Republic,11,1206,150,115,18046,12022
2021-03-26,SY,Syrian Arab Republic,10,1216,155,120,18201,12142
2021-03-27,SY,Syrian Arab Republic,11,1227,155,115,18356,12257
2021-03-28,SY,Syrian Arab Republic,12,1239,142,120,18498,12377
2021-03-29,SY,Syrian Arab Republic,8,1247,140,115,18638,12492
2021-03-30,SY,Syrian Arab Republic,7,1254,137,118,18775,12610
2021-03-31,SY,Syrian Arab Republic,11,1265,134,121,18909,12731
2021-04-01,SY,Syrian Arab Republic,9,1274,130,124,19039,12855
2021-04-02,SY,Syrian Arab Republic,14,1288,125,122,19164,12977
2021-04-03,SY,Syrian Arab Republic,11,1299,120,113,19284,13090
2021-04-04,SY,Syrian Arab Republic,14,1313,120,115,19404,13205
2020-12-01,VC,Saint Vincent and the Grenadines,0,0,0,1,85,80
2020-12-02,VC,Saint Vincent and the Grenadines,0,0,0,0,85,80
2020-12-03,VC,Saint Vincent and the Grenadines,0,0,2,0,87,80
2020-12-04,VC,Saint Vincent and the Grenadines,0,0,0,0,87,80
2020-12-05,VC,Saint Vincent and the Grenadines,0,0,0,0,87,80
2020-12-06,VC,Saint Vincent and the Grenadines,0,0,0,0,87,80
2020-12-07,VC,Saint Vincent and the Grenadines,0,0,0,0,87,80
2020-12-08,VC,Saint Vincent and the Grenadines,0,0,0,0,87,80
2020-12-09,VC,Saint Vincent and the Grenadines,0,0,3,0,90,80
2020-12-10,VC,Saint Vincent and the Grenadines,0,0,1,0,91,80
2020-12-11,VC,Saint Vincent and the Grenadines,0,0,3,1,94,81
2020-12-12,VC,Saint Vincent and the Grenadines,0,0,0,0,94,81
2020-12-13,VC,Saint Vincent and the Grenadines,0,0,4,0,98,81
2020-12-14,VC,Saint Vincent and the Grenadines,0,0,0,0,98,81
2020-12-15,VC,Saint Vincent and the Grenadines,0,0,0,0,98,81
2020-12-16,VC,Saint Vincent and the Grenadines,0,0,2,1,100,82
2020-12-17,VC,Saint Vincent and the Grenadines,0,0,0,0,100,82
2020-12-18,VC,Saint Vincent and the Grenadines,0,0,0,0,100,82
2020-12-19,VC,Saint Vincent and the Grenadines,0,0,0,0,100,82
2020-12-20,VC,Saint Vincent and the Grenadines,0,0,4,3,104,85
2020-12-21,VC,Saint Vincent and the Grenadines,0,0,0,0,104,85
2020-12-22,VC,Saint Vincent and the Grenadines,0,0,3,0,107,85
2020-12-23,VC,Saint Vincent and the Grenadines,0,0,1,0,108,85
2020-12-24,VC,Saint Vincent and the Grenadines,0,0,0,0,108,85
2020-12-25,VC,Saint Vincent and the Grenadines,0,0,0,0,108,85
2020-12-26,VC,Saint Vincent and the Grenadines,0,0,1,2,109,87
2020-12-27,VC,Saint Vincent and the Grenadines,0,0,0,0,109,87
2020-12-28,VC,Saint Vincent and the Grenadines,0,0,0,0,109,87
2020-12-29,VC,Saint Vincent and the Grenadines,0,0,4,2,113,89
2020-12-30,VC,Saint Vincent and the Grenadines,0,0,2,0,115,89
2020-12-31,VC,Saint Vincent and the Grenadines,0,0,6,9,121,98
2021-01-01,VC,Saint Vincent and the Grenadines,0,0,0,0,121,98
2021-01-02,VC,Saint Vincent and the Grenadines,0,0,1,0,122,98
2021-01-03,VC,Saint Vincent and the Grenadines,0,0,2,2,124,100
2021-01-04,VC,Saint Vincent and the Grenadines,0,0,0,0,124,100
2021-01-05,VC,Saint Vincent and the Grenadines,0,0,9,0,133,100
2021-01-06,VC,Saint Vincent and the Grenadines,0,0,16,0,149,100
2021-01-07,VC,Saint Vincent and the Grenadines,0,0,0,0,149,100
2021-01-08,VC,Saint Vincent and the Grenadines,0,0,0,0,149,100
2021-01-09,VC,Saint Vincent and the Grenadines,0,0,76,0,225,100
2021-01-10,VC,Saint Vincent and the Grenadines,0,0,24,0,249,100
2021-01-11,VC,Saint Vincent and the Grenadines,0,0,0,6,249,106
2021-01-12,VC,Saint Vincent and the Grenadines,0,0,35,0,284,106
2021-01-13,VC,Saint Vincent and the Grenadines,0,0,0,0,284,106
2021-01-14,VC,Saint Vincent and the Grenadines,0,0,56,0,340,106
2021-01-15,VC,Saint Vincent and the Grenadines,1,1,110,4,450,110
2021-01-16,VC,Saint Vincent and the Grenadines,0,1,0,0,450,110
2021-01-17,VC,Saint Vincent and the Grenadines,0,1,28,1,478,111
2021-01-18,VC,Saint Vincent and the Grenadines,0,1,16,7,494,118
2021-01-19,VC,Saint Vincent and the Grenadines,1,2,108,1,602,119
2021-01-20,VC,Saint Vincent and the Grenadines,0,2,0,0,602,119
2021-01-21,VC,Saint Vincent and the Grenadines,0,2,88,7,690,126
2021-01-22,VC,Saint Vincent and the Grenadines,0,2,0,0,690,126
2021-01-23,VC,Saint Vincent and the Grenadines,0,2,30,8,720,134
2021-01-24,VC,Saint Vincent and the Grenadines,0,2,18,0,738,134
2021-01-25,VC,Saint Vincent and the Grenadines,0,2,8,13,746,147
2021-01-26,VC,Saint Vincent and the Grenadines,0,2,0,0,746,147
2021-01-27,VC,Saint Vincent and the Grenadines,0,2,81,27,827,174
2021-01-28,VC,Saint Vincent and the Grenadines,0,2,0,0,827,174
2021-01-29,VC,Saint Vincent and the Grenadines,0,2,69,58,896,232
2021-01-30,VC,Saint Vincent and the Grenadines,0,2,0,0,896,232
2021-01-31,VC,Saint Vincent and the Grenadines,0,2,5,19,901,251
2021-02-01,VC,Saint Vincent and the Grenadines,0,2,0,0,901,251
2021-02-02,VC,Saint Vincent and the Grenadines,0,2,158,24,1059,275
2021-02-03,VC,Saint Vincent and the Grenadines,0,2,0,0,1059,275
2021-02-04,VC,Saint Vincent and the Grenadines,1,3,8,63,1067,338
2021-02-05,VC,Saint Vincent and the Grenadines,0,3,103,39,1170,377
2021-02-06,VC,Saint Vincent and the Grenadines,0,3,32,24,1202,401
2021-02-07,VC,Saint Vincent and the Grenadines,1,4,67,8,1269,409
2021-02-08,VC,Saint Vincent and the Grenadines,0,4,14,6,1283,415
2021-02-09,VC,Saint Vincent and the Grenadines,0,4,0,0,1283,415
2021-02-10,VC,Saint Vincent and the Grenadines,2,6,57,39,1340,454
2021-02-11,VC,Saint Vincent and the Grenadines,0,6,30,13,1370,467
2021-02-12,VC,Saint Vincent and the Grenadines,0,6,0,0,1370,467
2021-02-13,VC,Saint Vincent and the Grenadines,0,6,48,87,1418,554
2021-02-14,VC,Saint Vincent and the Grenadines,0,6,0,0,1418,554
2021-02-15,VC,Saint Vincent and the Grenadines,0,6,35,45,1453,599
2021-02-16,VC,Saint Vincent and the Grenadines,0,6,4,13,1457,612
2021-02-17,VC,Saint Vincent and the Grenadines,0,6,5,20,1462,632
2021-02-18,VC,Saint Vincent and the Grenadines,0,6,0,0,1462,632
2021-02-19,VC,Saint Vincent and the Grenadines,0,6,32,126,1494,758
2021-02-20,VC,Saint Vincent and the Grenadines,0,6,4,10,1498,768
2021-02-21,VC,Saint Vincent and the Grenadines,0,6,5,35,1503,803
2021-02-22,VC,Saint Vincent and the Grenadines,0,6,0,0,1503,803
2021-02-23,VC,Saint Vincent and the Grenadines,0,6,8,42,1511,845
2021-02-24,VC,Saint Vincent and the Grenadines,0,6,8,3,1519,848
2021-02-25,VC,Saint Vincent and the Grenadines,0,6,0,0,1519,848
2021-02-26,VC,Saint Vincent and the Grenadines,0,6,0,0,1519,848
2021-02-27,VC,Saint Vincent and the Grenadines,2,8,37,84,1556,932
2021-02-28,VC,Saint Vincent and the Grenadines,0,8,0,0,1556,932
2021-03-01,VC,Saint Vincent and the Grenadines,0,8,72,6,1628,938
2021-03-02,VC,Saint Vincent and the Grenadines,0,8,0,7,1628,945
2021-03-03,VC,Saint Vincent and the Grenadines,0,8,17,4,1645,949
2021-03-04,VC,Saint Vincent and the Grenadines,0,8,0,0,1645,949
2021-03-05,VC,Saint Vincent and the Grenadines,0,8,0,0,1645,949
2021-03-06,VC,Saint Vincent and the Grenadines,0,8,0,0,1645,949
2021-03-07,VC,Saint Vincent and the Grenadines,0,8,18,74,1663,1023
2021-03-08,VC,Saint Vincent and the Grenadines,0,8,0,4,1663,1027
2021-03-09,VC,Saint Vincent and the Grenadines,0,8,0,73,1663,1100
2021-03-10,VC,Saint Vincent and the Grenadines,0,8,7,7,1670,1107
2021-03-11,VC,Saint Vincent and the Grenadines,0,8,4,7,1674,1114
2021-03-12,VC,Saint Vincent and the Grenadines,0,8,0,6,1674,1120
2021-03-13,VC,Saint Vincent and the Grenadines,0,8,6,7,1680,1127
2021-03-14,VC,Saint Vincent and the Grenadines,1,9,0,2,1680,1129
2021-03-15,VC,Saint Vincent and the Grenadines,0,9,0,0,1680,1129
2021-03-16,VC,Saint Vincent and the Grenadines,0,9,1,0,1681,1129
2021-03-17,VC,Saint Vincent and the Grenadines,0,9,0,375,1681,1504
2021-03-18,VC,Saint Vincent and the Grenadines,0,9,3,2,1684,1506
2021-03-19,VC,Saint Vincent and the Grenadines,0,9,8,6,1692,1512
2021-03-20,VC,Saint Vincent and the Grenadines,0,9,4,9,1696,1521
2021-03-21,VC,Saint Vincent and the Grenadines,0,9,0,0,1696,1521
2021-03-22,VC,Saint Vincent and the Grenadines,0,9,0,0,1696,1521
2021-03-23,VC,Saint Vincent and the Grenadines,0,9,0,0,1696,1521
2021-03-24,VC,Saint Vincent and the Grenadines,1,10,7,8,1703,1529
2021-03-25,VC,Saint Vincent and the Grenadines,0,10,12,6,1715,1535
2021-03-26,VC,Saint Vincent and the Grenadines,0,10,6,42,1721,1577
2021-03-27,VC,Saint Vincent and the Grenadines,0,10,2,6,1723,1583
2021-03-28,VC,Saint Vincent and the Grenadines,0,10,15,4,1738,1587
2021-03-29,VC,Saint Vincent and the Grenadines,0,10,1,0,1739,1587
2021-03-30,VC,Saint Vincent and the Grenadines,0,10,0,0,1739,1587
2021-03-31,VC,Saint Vincent and the Grenadines,0,10,9,0,1748,1587
2021-04-01,VC,Saint Vincent and the Grenadines,0,10,2,0,1750,1587
2021-04-02,VC,Saint Vincent and the Grenadines,0,10,4,27,1754,1614
2021-04-03,VC,Saint Vincent and the Grenadines,0,10,1,0,1755,1614
2021-04-04,VC,Saint Vincent and the Grenadines,0,10,3,0,1758,1614
2020-12-01,SZ,Eswatini,0,122,23,11,6442,6017
2020-12-02,SZ,Eswatini,0,122,13,15,6455,6032
2020-12-03,SZ,Eswatini,0,122,19,12,6474,6044
2020-12-04,SZ,Eswatini,0,122,6,22,6480,6066
2020-12-05,SZ,Eswatini,0,122,15,12,6495,6078
2020-12-06,SZ,Eswatini,0,122,6,12,6501,6090
2020-12-07,SZ,Eswatini,1,123,28,4,6529,6094
2020-12-08,SZ,Eswatini,1,124,34,43,6563,6137
2020-12-09,SZ,Eswatini,1,125,49,38,6612,6175
2020-12-10,SZ,Eswatini,1,126,21,46,6633,6221
2020-12-11,SZ,Eswatini,0,126,52,58,6685,6279
2020-12-12,SZ,Eswatini,1,127,29,52,6714,6331
2020-12-13,SZ,Eswatini,0,127,54,48,6768,6379
2020-12-14,SZ,Eswatini,3,130,57,37,6825,6416
2020-12-15,SZ,Eswatini,2,132,87,60,6912,6476
2020-12-16,SZ,Eswatini,3,135,114,55,7026,6531
2020-12-17,SZ,Eswatini,0,135,67,48,7093,6579
2020-12-18,SZ,Eswatini,1,136,109,45,7202,6624
2020-12-19,SZ,Eswatini,1,137,103,38,7305,6662
2020-12-20,SZ,Eswatini,3,140,122,34,7427,6696
2020-12-21,SZ,Eswatini,1,141,135,65,7562,6761
2020-12-22,SZ,Eswatini,1,142,153,60,7715,6821
2020-12-23,SZ,Eswatini,11,153,153,58,7868,6879
2020-12-24,SZ,Eswatini,1,154,164,73,8032,6952
2020-12-25,SZ,Eswatini,0,154,138,64,8170,7016
2020-12-26,SZ,Eswatini,9,163,197,0,8367,7016
2020-12-27,SZ,Eswatini,2,165,117,0,8484,7016
2020-12-28,SZ,Eswatini,2,167,203,10,8687,7026
2020-12-29,SZ,Eswatini,8,175,247,22,8934,7048
2020-12-30,SZ,Eswatini,9,184,212,14,9146,7062
2020-12-31,SZ,Eswatini,21,205,212,11,9358,7073
2021-01-01,SZ,Eswatini,11,216,124,0,9482,7073
2021-01-02,SZ,Eswatini,11,227,229,23,9711,7096
2021-01-03,SZ,Eswatini,4,231,232,17,9943,7113
2021-01-04,SZ,Eswatini,13,244,195,10,10138,7123
2021-01-05,SZ,Eswatini,8,252,200,11,10338,7134
2021-01-06,SZ,Eswatini,9,261,201,120,10539,7254
2021-01-07,SZ,Eswatini,7,268,234,123,10773,7377
2021-01-08,SZ,Eswatini,11,279,202,117,10975,7494
2021-01-09,SZ,Eswatini,12,291,205,98,11180,7592
2021-01-10,SZ,Eswatini,4,295,255,84,11435,7676
2021-01-11,SZ,Eswatini,3,298,276,98,11711,7774
2021-01-12,SZ,Eswatini,21,319,208,124,11919,7898
2021-01-13,SZ,Eswatini,13,332,205,88,12124,7986
2021-01-14,SZ,Eswatini,3,335,203,90,12327,8076
2021-01-15,SZ,Eswatini,8,343,205,0,12532,8076
2021-01-16,SZ,Eswatini,17,360,204,0,12736,8076
2021-01-17,SZ,Eswatini,16,376,208,146,12944,8222
2021-01-18,SZ,Eswatini,8,384,243,152,13187,8374
2021-01-19,SZ,Eswatini,19,403,256,138,13443,8512
2021-01-20,SZ,Eswatini,24,427,346,140,13789,8652
2021-01-21,SZ,Eswatini,14,441,228,170,14017,8822
2021-01-22,SZ,Eswatini,17,458,202,140,14219,8962
2021-01-23,SZ,Eswatini,0,458,111,140,14330,9102
2021-01-24,SZ,Eswatini,21,479,154,140,14484,9242
2021-01-25,SZ,Eswatini,14,493,138,152,14622,9394
2021-01-26,SZ,Eswatini,24,517,208,148,14830,9542
2021-01-27,SZ,Eswatini,5,522,221,158,15051,9700
2021-01-28,SZ,Eswatini,16,538,232,133,15283,9833
2021-01-29,SZ,Eswatini,13,551,188,195,15471,10028
2021-01-30,SZ,Eswatini,11,562,195,210,15666,10238
2021-01-31,SZ,Eswatini,3,565,45,240,15711,10478
2021-02-01,SZ,Eswatini,9,574,93,172,15804,10650
2021-02-02,SZ,Eswatini,9,583,74,189,15878,10839
2021-02-03,SZ,Eswatini,2,585,96,160,15974,10999
2021-02-04,SZ,Eswatini,6,591,71,123,16045,11122
2021-02-05,SZ,Eswatini,9,600,92,167,16137,11289
2021-02-06,SZ,Eswatini,4,604,44,180,16181,11469
2021-02-07,SZ,Eswatini,0,604,23,145,16204,11614
2021-02-08,SZ,Eswatini,3,607,30,105,16234,11719
2021-02-09,SZ,Eswatini,3,610,54,138,16288,11857
2021-02-10,SZ,Eswatini,6,616,53,98,16341,11955
2021-02-11,SZ,Eswatini,3,619,55,81,16396,12036
2021-02-12,SZ,Eswatini,11,630,59,104,16455,12140
2021-02-13,SZ,Eswatini,0,630,33,56,16488,12196
2021-02-14,SZ,Eswatini,0,630,47,56,16535,12252
2021-02-15,SZ,Eswatini,4,634,41,55,16576,12307
2021-02-16,SZ,Eswatini,0,634,30,76,16606,12383
2021-02-17,SZ,Eswatini,3,637,67,104,16673,12487
2021-02-18,SZ,Eswatini,3,640,36,124,16709,12611
2021-02-19,SZ,Eswatini,4,644,33,158,16742,12769
2021-02-20,SZ,Eswatini,1,645,22,215,16764,12984
2021-02-21,SZ,Eswatini,0,645,25,211,16789,13195
2021-02-22,SZ,Eswatini,0,645,18,220,16807,13415
2021-02-23,SZ,Eswatini,2,647,32,198,16839,13613
2021-02-24,SZ,Eswatini,2,649,58,188,16897,13801
2021-02-25,SZ,Eswatini,1,650,49,230,16946,14031
2021-02-26,SZ,Eswatini,0,650,26,210,16972,14241
2021-02-27,SZ,Eswatini,0,650,30,205,17002,14446
2021-02-28,SZ,Eswatini,2,652,12,230,17014,14676
2021-03-01,SZ,Eswatini,0,652,11,124,17025,14800
2021-03-02,SZ,Eswatini,0,652,61,98,17086,14898
2021-03-03,SZ,Eswatini,0,652,17,54,17103,14952
2021-03-04,SZ,Eswatini,2,654,26,87,17129,15039
2021-03-05,SZ,Eswatini,0,654,26,92,17155,15131
2021-03-06,SZ,Eswatini,4,658,18,80,17173,15211
2021-03-07,SZ,Eswatini,0,658,11,65,17184,15276
2021-03-08,SZ,Eswatini,0,658,4,67,17188,15343
2021-03-09,SZ,Eswatini,0,658,3,105,17191,15448
2021-03-10,SZ,Eswatini,0,658,12,65,17203,15513
2021-03-11,SZ,Eswatini,1,659,12,54,17215,15567
2021-03-12,SZ,Eswatini,0,659,10,55,17225,15622
2021-03-13,SZ,Eswatini,2,661,9,46,17234,15668
2021-03-14,SZ,Eswatini,0,661,3,80,17237,15748
2021-03-15,SZ,Eswatini,2,663,2,43,17239,15791
2021-03-16,SZ,Eswatini,0,663,4,50,17243,15841
2021-03-17,SZ,Eswatini,0,663,14,44,17257,15885
2021-03-18,SZ,Eswatini,1,664,10,51,17267,15936
2021-03-19,SZ,Eswatini,0,664,7,45,17274,15981
2021-03-20,SZ,Eswatini,1,665,9,40,17283,16021
2021-03-21,SZ,Eswatini,0,665,3,23,17286,16044
2021-03-22,SZ,Eswatini,0,665,4,23,17290,16067
2021-03-23,SZ,Eswatini,0,665,6,34,17296,16101
2021-03-24,SZ,Eswatini,1,666,5,74,17301,16175
2021-03-25,SZ,Eswatini,0,666,5,75,17306,16250
2021-03-26,SZ,Eswatini,0,666,6,63,17312,16313
2021-03-27,SZ,Eswatini,0,666,6,76,17318,16389
2021-03-28,SZ,Eswatini,1,667,3,29,17321,16418
2021-03-29,SZ,Eswatini,0,667,5,9,17326,16427
2021-03-30,SZ,Eswatini,0,667,7,54,17333,16481
2021-03-31,SZ,Eswatini,0,667,4,47,17337,16528
2021-04-01,SZ,Eswatini,1,668,7,16,17344,16544
2021-04-02,SZ,Eswatini,0,668,3,24,17347,16568
2021-04-03,SZ,Eswatini,0,668,2,37,17349,16605
2021-04-04,SZ,Eswatini,0,668,3,11,17352,16616
